1 1 0
2 1 0
3 6 0
4 1 0
5 1 0
6 1 0
7 1 0
8 1 0
9 1 0
10 1 0
11 1 0
12 1 0
13 1 0
14 1 0
15 1 0
16 1 0
17 1 0
18 1 0
19 1 0
20 6 0
21 6 0
22 6 0
23 1 0
24 1 0
25 1 0
26 1 0
27 1 0
28 6 0
29 1 0
30 6 0
31 1 0
32 1 0
33 1 0
34 1 0
35 1 0
36 1 0
37 1 0
38 1 0
39 1 0
40 1 0
41 1 0
42 1 0
43 1 0
44 1 0
45 1 0
46 1 0
47 1 0
48 1 0
49 1 0
50 1 0
51 1 0
52 1 0
53 1 0
54 1 0
55 1 0
56 1 0
57 1 0
58 1 0
59 1 0
60 1 0
61 1 0
62 1 0
63 6 0
64 6 0
65 6 0
66 6 0
67 6 0
68 1 0
69 1 0
70 1 0
71 1 0
72 1 0
73 1 0
74 1 1
75 1 0
76 1 0
77 1 0
78 1 0
79 1 0
80 1 0
81 1 0
82 1 0
83 1 0
84 1 0
85 1 0
86 1 0
87 1 0
88 1 0
89 1 0
90 1 0
91 1 0
92 1 0
93 1 0
94 1 0
95 1 0
96 1 0
97 1 1
98 1 1
99 1 1
100 1 1
101 1 1
102 1 1
103 1 0
104 1 0
105 1 0
106 1 0
107 1 0
108 1 0
109 1 1
110 1 1
111 1 1
112 1 0
113 6 0
114 6 0
115 1 1
116 1 0
117 1 0
118 1 0
119 1 0
120 1 0
121 1 1
122 1 0
123 1 0
124 1 0
125 1 0
126 1 1
127 1 1
128 1 1
129 1 0
130 1 1
131 1 1
132 1 1
133 1 0
134 1 0
135 1 0
136 1 0
137 1 0
138 1 0
139 1 0
140 1 0
141 1 0
142 1 0
143 1 0
144 1 0
145 1 0
146 1 0
147 1 0
148 1 0
149 1 0
150 1 0
151 1 0
152 1 0
153 1 0
154 1 0
155 1 0
156 1 0
157 1 0
158 1 0
159 1 0
160 1 0
161 1 0
162 1 0
163 1 0
164 1 0
165 1 0
166 1 0
167 1 0
168 1 0
169 1 0
170 1 0
171 1 1
172 1 0
173 1 0
174 1 0
175 1 0
176 1 0
177 1 0
178 1 0
179 6 0
180 6 0
181 6 0
182 6 0
183 6 0
184 6 0
185 1 0
186 1 0
187 1 0
188 1 0
189 1 0
190 1 0
191 1 1
192 1 1
193 1 0
194 1 0
195 1 0
196 1 0
197 1 0
198 1 0
199 1 0
200 1 0
201 1 0
202 1 1
203 1 1
204 1 1
205 1 0
206 1 1
207 1 1
208 1 0
209 1 0
210 1 0
211 1 0
212 1 0
213 1 0
214 1 0
215 1 0
216 1 0
217 1 0
218 1 0
219 1 0
220 1 0
221 1 0
222 1 0
223 1 0
224 1 0
225 1 1
226 1 0
227 1 0
228 1 0
229 1 0
230 1 0
231 1 0
232 6 0
233 6 0
234 1 0
235 1 0
236 1 0
237 6 0
238 6 0
239 6 0
240 6 0
241 6 0
242 1 0
243 1 0
244 1 0
245 1 0
246 6 0
247 6 0
248 1 0
249 1 0
250 1 0
251 1 0
252 1 0
253 1 0
254 1 0
255 6 0
256 6 0
257 1 0
258 6 0
259 6 0
260 1 0
261 6 0
262 6 0
263 1 0
264 1 0
265 1 0
266 1 0
267 1 0
268 1 0
269 1 0
270 1 0
271 1 0
272 1 0
273 1 0
274 1 0
275 6 0
276 1 0
277 1 0
278 6 0
279 1 0
280 1 0
281 1 0
282 1 0
283 1 0
284 1 0
285 1 0
286 1 0
287 1 0
288 1 0
289 1 0
290 1 0
291 1 0
292 1 0
293 6 0
294 1 0
295 1 0
296 1 1
297 1 1
298 1 1
299 1 1
300 1 1
301 1 1
302 1 1
303 1 1
304 1 0
305 1 0
306 1 0
307 1 1
308 1 0
309 1 0
310 1 0
311 1 1
312 1 0
313 1 1
314 1 1
315 1 0
316 1 0
317 1 0
318 1 0
319 1 0
320 1 1
321 1 0
322 1 0
323 1 1
324 1 1
325 1 0
326 1 1
327 1 1
328 1 0
329 1 0
330 6 0
331 6 0
332 1 0
333 1 1
334 1 1
335 1 1
336 1 1
337 1 1
338 1 1
339 1 1
340 1 1
341 1 1
342 1 0
343 1 0
344 1 0
345 1 1
346 1 0
347 1 0
348 1 0
349 1 1
350 1 0
351 1 0
352 1 0
353 1 0
354 1 0
355 1 0
356 1 0
357 1 0
358 1 1
359 1 1
360 1 0
361 1 0
362 1 1
363 1 1
364 1 1
365 1 1
366 1 0
367 1 1
368 1 0
369 1 1
370 1 1
371 1 1
372 1 1
373 1 1
374 1 1
375 1 0
376 1 0
377 1 0
378 1 1
379 1 1
380 1 1
381 1 0
382 1 0
383 1 1
384 1 0
385 1 0
386 1 1
387 1 1
388 1 1
389 1 1
390 1 1
391 1 1
392 1 1
393 1 1
394 1 0
395 1 0
396 1 0
397 1 0
398 1 0
399 1 1
400 1 1
401 1 1
402 1 1
403 1 1
404 1 1
405 1 1
406 1 1
407 1 1
408 1 0
409 1 0
410 1 1
411 1 1
412 1 1
413 1 1
414 1 1
415 1 1
416 1 0
417 1 0
418 1 0
419 1 1
420 1 1
421 1 1
422 1 1
423 1 0
424 1 1
425 1 1
426 1 1
427 1 1
428 1 0
429 1 0
430 1 0
431 1 1
432 1 1
433 1 1
434 1 0
435 1 1
436 1 1
437 1 1
438 1 0
439 1 1
440 1 1
441 1 1
442 1 0
443 1 0
444 1 0
445 1 1
446 1 1
447 1 1
448 1 0
449 1 0
450 1 0
451 1 0
452 1 0
453 1 0
454 1 0
455 1 0
456 1 0
457 1 0
458 1 0
459 1 1
460 1 1
461 1 0
462 1 1
463 1 1
464 1 0
465 1 1
466 1 0
467 1 0
468 1 0
469 1 0
470 1 0
471 1 0
472 1 0
473 1 1
474 1 0
475 1 0
476 1 0
477 1 1
478 1 0
479 1 0
480 1 0
481 1 0
482 1 0
483 1 0
484 1 1
485 1 1
486 1 1
487 1 0
488 1 0
489 1 0
490 1 0
491 1 0
492 1 0
493 1 0
494 1 0
495 1 0
496 1 0
497 1 1
498 1 0
499 1 0
500 1 0
501 1 0
502 1 0
503 1 0
504 1 0
505 1 0
506 1 0
507 1 0
508 1 1
509 1 1
510 1 0
511 1 1
512 1 0
513 1 0
514 1 1
515 1 0
516 1 0
517 1 1
518 1 0
519 1 0
520 1 0
521 1 0
522 1 0
523 1 0
524 1 1
525 1 0
526 1 0
527 1 0
528 1 1
529 1 1
530 1 1
531 1 1
532 1 1
533 1 1
534 1 0
535 1 0
536 1 0
537 1 1
538 1 0
539 1 0
540 1 1
541 1 1
542 1 0
543 1 1
544 1 0
545 1 0
546 1 0
547 1 1
548 1 1
549 1 1
550 1 1
551 1 1
552 1 0
553 1 0
554 1 1
555 1 1
556 1 0
557 1 0
558 1 0
559 1 0
560 1 0
561 1 0
562 1 1
563 1 1
564 1 1
565 1 1
566 1 1
567 1 1
568 1 1
569 1 0
570 1 1
571 1 0
572 1 0
573 1 1
574 1 1
575 1 0
576 1 0
577 1 1
578 1 1
579 1 0
580 1 0
581 1 0
582 1 1
583 1 0
584 1 1
585 1 1
586 1 1
587 1 1
588 1 1
589 1 1
590 1 1
591 1 1
592 1 1
593 1 1
594 1 1
595 1 0
596 1 1
597 1 1
598 1 0
599 1 0
600 1 1
601 1 1
602 1 1
603 1 1
604 1 1
605 1 1
606 1 1
607 1 1
608 1 1
609 1 1
610 1 1
611 1 1
612 1 1
613 1 1
614 1 1
615 1 1
616 1 1
617 1 1
618 1 1
619 1 1
620 1 1
621 1 1
622 1 1
623 1 1
624 1 0
625 1 0
626 1 0
627 1 1
628 1 1
629 1 1
630 1 1
631 1 0
632 1 0
633 1 1
634 1 0
635 1 0
636 1 0
637 1 0
638 1 1
639 1 1
640 1 1
641 1 1
642 1 0
643 1 0
644 1 0
645 1 0
646 1 0
647 1 0
648 1 0
649 1 0
650 1 1
651 1 1
652 1 0
653 1 0
654 1 0
655 1 0
656 1 0
657 1 0
658 1 0
659 1 1
660 6 0
661 1 0
662 1 0
663 1 0
664 1 0
665 1 0
666 1 0
667 1 0
668 6 0
669 6 6
670 6 0
671 6 0
672 6 0
673 6 0
674 6 6
675 6 0
676 1 1
677 1 0
678 1 0
679 5 5
680 5 5
681 5 5
682 5 5
683 1 0
684 1 0
685 1 0
686 1 0
687 1 0
688 1 0
689 1 0
690 1 0
691 1 0
692 1 0
693 1 0
694 1 0
695 1 0
696 1 0
697 1 0
698 1 0
699 1 0
700 1 0
701 1 0
702 1 0
703 1 0
704 1 0
705 1 0
706 1 0
707 1 0
708 6 0
709 6 0
710 6 0
711 6 0
712 1 0
713 1 0
714 1 0
715 1 0
716 1 0
717 1 0
718 1 0
719 1 0
720 1 0
721 1 0
722 1 0
723 1 0
724 1 0
725 1 0
726 1 0
727 1 0
728 1 0
729 1 0
730 1 0
731 1 0
732 1 0
733 1 0
734 1 0
735 1 0
736 1 0
737 1 0
738 1 0
739 1 0
740 1 0
741 1 0
742 1 0
743 1 0
744 1 0
745 1 0
746 1 0
747 1 0
748 1 0
749 6 0
750 1 0
751 1 0
752 1 0
753 1 0
754 1 0
755 1 0
756 1 0
757 1 0
758 1 0
759 1 0
760 1 0
761 1 0
762 1 0
763 1 0
764 1 0
765 1 0
766 1 0
767 1 0
768 1 0
769 1 0
770 1 0
771 1 0
772 1 0
773 1 0
774 1 0
775 1 0
776 1 0
777 1 0
778 1 0
779 1 0
780 1 0
781 1 0
782 1 0
783 1 0
784 1 0
785 1 0
786 1 0
787 1 0
788 1 0
789 1 0
790 1 0
791 1 0
792 1 0
793 1 0
794 1 0
795 1 0
796 1 0
797 1 0
798 1 0
799 1 0
800 1 0
801 1 0
802 1 0
803 1 0
804 1 0
805 1 0
806 1 0
807 1 0
808 1 0
809 1 0
810 1 0
811 1 0
812 1 0
813 1 0
814 1 0
815 1 0
816 1 0
817 1 0
818 1 0
819 1 0
820 1 0
821 1 0
822 1 0
823 1 0
824 1 0
825 1 0
826 1 0
827 1 0
828 1 0
829 1 0
830 1 0
831 1 0
832 6 0
833 6 0
834 1 0
835 1 0
836 1 0
837 1 0
838 1 0
839 6 0
840 6 0
841 6 0
842 6 0
843 6 0
844 1 0
845 1 0
846 6 0
847 6 0
848 6 0
849 6 0
850 5 5
851 6 0
852 1 0
853 1 0
854 1 0
855 1 0
856 1 0
857 1 0
858 6 0
859 6 0
860 6 0
861 6 0
862 6 0
863 6 0
864 6 0
865 6 0
866 6 0
867 6 0
868 6 0
869 6 0
870 6 0
871 6 0
872 6 0
873 6 0
874 6 0
875 6 0
876 6 0
877 6 0
878 6 0
879 6 0
880 6 0
881 6 0
882 5 5
883 5 5
884 6 0
885 6 0
886 6 0
887 6 0
888 6 0
889 6 0
890 6 0
891 6 0
892 6 0
893 6 0
894 6 0
895 6 0
896 6 0
897 6 0
898 6 0
899 6 0
900 6 0
901 6 0
902 6 0
903 5 5
904 5 5
905 5 5
906 5 5
907 5 5
908 5 5
909 5 5
910 5 5
911 5 5
912 5 5
913 5 5
914 5 5
915 5 5
916 5 5
917 5 5
918 6 0
919 6 0
920 6 0
921 6 0
922 6 0
923 6 0
924 6 0
925 6 0
926 6 0
927 6 0
928 6 0
929 6 0
930 5 5
931 5 5
932 5 5
933 6 0
934 6 0
935 6 0
936 6 0
937 6 0
938 6 0
939 6 0
940 6 0
941 5 5
942 5 5
943 6 0
944 6 0
945 6 0
946 6 0
947 6 0
948 2 2
949 2 2
950 2 2
951 2 2
952 2 2
953 2 2
954 2 2
955 2 2
956 2 2
957 2 2
958 2 2
959 2 2
960 2 2
961 2 2
962 2 2
963 2 2
964 2 2
965 2 2
966 2 2
967 2 2
968 2 2
969 2 2
970 2 2
971 2 2
972 2 2
973 2 2
974 2 2
975 2 2
976 2 2
977 2 2
978 2 2
979 2 2
980 2 2
981 2 2
982 2 2
983 2 2
984 2 2
985 2 2
986 2 2
987 2 2
988 2 2
989 2 2
990 2 2
991 2 2
992 2 2
993 2 2
994 2 2
995 2 2
996 2 2
997 2 2
998 2 2
999 2 2
1000 2 2
1001 2 2
1002 2 2
1003 2 2
1004 2 2
1005 2 2
1006 2 2
1007 2 2
1008 2 2
1009 2 2
1010 2 2
1011 2 2
1012 6 0
1013 6 0
1014 6 0
1015 6 0
1016 6 0
1017 1 0
1018 1 0
1019 1 0
1020 1 0
1021 1 0
1022 1 0
1023 1 0
1024 1 0
1025 1 0
1026 1 0
1027 1 0
1028 1 0
1029 1 0
1030 1 0
1031 6 0
1032 6 0
1033 1 0
1034 1 0
1035 1 0
1036 1 0
1037 6 0
1038 6 0
1039 1 0
1040 1 0
1041 2 2
1042 2 2
1043 2 2
1044 2 2
1045 2 2
1046 2 2
1047 2 2
1048 2 2
1049 2 2
1050 2 2
1051 2 2
1052 2 2
1053 2 2
1054 2 2
1055 2 2
1056 2 2
1057 2 2
1058 2 2
1059 2 2
1060 2 2
1061 2 2
1062 2 2
1063 2 2
1064 2 2
1065 2 2
1066 2 2
1067 2 2
1068 2 2
1069 2 2
1070 2 2
1071 2 2
1072 2 2
1073 2 2
1074 2 2
1075 2 2
1076 2 2
1077 2 2
1078 2 2
1079 2 2
1080 2 2
1081 2 2
1082 2 2
1083 2 2
1084 2 2
1085 2 2
1086 2 2
1087 2 2
1088 2 2
1089 2 2
1090 2 2
1091 2 2
1092 2 2
1093 2 2
1094 2 2
1095 2 2
1096 2 2
1097 2 2
1098 2 2
1099 2 2
1100 2 2
1101 2 2
1102 2 2
1103 2 2
1104 2 2
1105 2 2
1106 2 2
1107 2 2
1108 2 2
1109 2 2
1110 2 2
1111 2 2
1112 2 2
1113 2 2
1114 2 2
1115 2 2
1116 2 2
1117 2 2
1118 2 2
1119 2 2
1120 2 2
1121 2 2
1122 2 2
1123 2 2
1124 2 2
1125 2 2
1126 2 2
1127 2 2
1128 2 2
1129 2 2
1130 2 2
1131 2 2
1132 2 2
1133 2 2
1134 2 2
1135 2 2
1136 2 2
1137 2 2
1138 2 2
1139 2 2
1140 2 2
1141 2 2
1142 2 2
1143 2 2
1144 2 2
1145 2 2
1146 2 2
1147 2 2
1148 2 2
1149 2 2
1150 2 2
1151 2 2
1152 2 2
1153 2 2
1154 2 2
1155 2 2
1156 2 2
1157 2 2
1158 2 2
1159 2 2
1160 2 2
1161 2 2
1162 2 2
1163 2 2
1164 2 2
1165 2 2
1166 2 2
1167 2 2
1168 2 2
1169 2 2
1170 2 2
1171 2 2
1172 2 2
1173 2 2
1174 2 2
1175 2 2
1176 2 2
1177 2 2
1178 2 2
1179 2 2
1180 2 2
1181 2 2
1182 2 2
1183 2 2
1184 2 2
1185 2 2
1186 2 2
1187 2 2
1188 2 2
1189 2 2
1190 2 2
1191 2 2
1192 2 2
1193 2 2
1194 2 2
1195 2 2
1196 2 2
1197 2 2
1198 2 2
1199 2 2
1200 2 2
1201 2 2
1202 2 2
1203 2 2
1204 2 2
1205 2 2
1206 2 2
1207 2 2
1208 2 2
1209 2 2
1210 2 2
1211 2 2
1212 2 2
1213 2 2
1214 2 2
1215 2 2
1216 2 2
1217 2 2
1218 2 2
1219 2 2
1220 2 2
1221 2 2
1222 2 2
1223 2 2
1224 2 2
1225 2 2
1226 2 2
1227 2 2
1228 2 2
1229 2 2
1230 2 2
1231 2 2
1232 2 2
1233 2 2
1234 2 2
1235 2 2
1236 2 2
1237 2 2
1238 2 2
1239 2 2
1240 2 2
1241 2 2
1242 2 2
1243 2 2
1244 2 2
1245 2 2
1246 2 2
1247 2 2
1248 2 2
1249 2 2
1250 2 2
1251 2 2
1252 2 2
1253 2 2
1254 2 2
1255 2 2
1256 2 2
1257 2 2
1258 2 2
1259 2 2
1260 2 2
1261 2 2
1262 2 2
1263 2 2
1264 2 2
1265 2 2
1266 2 2
1267 2 2
1268 2 2
1269 2 2
1270 2 2
1271 2 2
1272 2 2
1273 2 2
1274 2 2
1275 2 2
1276 2 2
1277 2 2
1278 2 2
1279 2 2
1280 2 2
1281 2 2
1282 2 2
1283 2 2
1284 2 2
1285 2 2
1286 2 2
1287 2 2
1288 2 2
1289 2 2
1290 2 2
1291 2 2
1292 2 2
1293 2 2
1294 2 2
1295 2 2
1296 2 2
1297 2 2
1298 2 2
1299 2 2
1300 2 2
1301 2 2
1302 2 2
1303 2 2
1304 2 2
1305 2 2
1306 2 2
1307 2 2
1308 2 2
1309 2 2
1310 2 2
1311 2 2
1312 2 2
1313 2 2
1314 1 0
1315 5 5
1316 5 5
1317 5 5
1318 5 5
1319 5 5
1320 5 5
1321 5 5
1322 5 5
1323 5 5
1324 5 5
1325 5 5
1326 5 5
1327 5 5
1328 5 5
1329 5 5
1330 5 5
1331 5 5
1332 5 5
1333 1 0
1334 6 0
1335 1 0
1336 1 0
1337 1 0
1338 1 0
1339 1 0
1340 6 0
1341 1 0
1342 1 0
1343 1 0
1344 1 0
1345 5 5
1346 1 0
1347 1 0
1348 1 0
1349 1 0
1350 1 0
1351 1 0
1352 1 0
1353 1 0
1354 1 0
1355 1 0
1356 1 0
1357 1 0
1358 1 0
1359 1 0
1360 1 0
1361 1 0
1362 1 0
1363 1 0
1364 1 0
1365 1 0
1366 1 0
1367 1 0
1368 1 0
1369 1 0
1370 1 0
1371 1 0
1372 1 0
1373 1 0
1374 1 0
1375 1 0
1376 1 0
1377 1 0
1378 1 0
1379 1 0
1380 1 0
1381 1 0
1382 1 0
1383 1 0
1384 1 0
1385 1 0
1386 1 0
1387 1 0
1388 1 0
1389 1 0
1390 1 0
1391 1 0
1392 1 0
1393 1 0
1394 1 0
1395 1 0
1396 1 0
1397 1 0
1398 1 0
1399 1 0
1400 1 0
1401 1 0
1402 1 0
1403 1 0
1404 1 0
1405 1 0
1406 1 0
1407 1 0
1408 1 0
1409 1 0
1410 1 0
1411 1 0
1412 1 0
1413 1 0
1414 1 0
1415 1 0
1416 1 0
1417 1 0
1418 1 0
1419 1 0
1420 1 0
1421 1 0
1422 1 0
1423 1 0
1424 1 0
1425 1 0
1426 1 0
1427 1 0
1428 1 0
1429 1 0
1430 1 0
1431 1 0
1432 1 0
1433 1 0
1434 1 0
1435 1 0
1436 1 0
1437 1 0
1438 1 0
1439 1 0
1440 1 0
1441 1 0
1442 1 0
1443 1 0
1444 1 0
1445 1 0
1446 1 0
1447 1 0
1448 1 0
1449 1 0
1450 1 0
1451 1 0
1452 1 0
1453 1 0
1454 1 0
1455 1 0
1456 1 0
1457 1 0
1458 1 0
1459 1 0
1460 1 0
1461 1 0
1462 1 0
1463 1 0
1464 1 0
1465 1 0
1466 1 0
1467 1 0
1468 1 0
1469 1 0
1470 1 0
1471 1 0
1472 1 0
1473 1 0
1474 1 0
1475 1 0
1476 1 0
1477 1 0
1478 1 0
1479 1 0
1480 1 0
1481 1 0
1482 1 0
1483 5 5
1484 5 5
1485 5 5
1486 1 0
1487 1 0
1488 1 0
1489 5 5
1490 1 0
1491 1 0
1492 1 0
1493 1 0
1494 1 0
1495 1 0
1496 1 0
1497 1 0
1498 1 0
1499 1 0
1500 1 0
1501 1 0
1502 1 0
1503 1 0
1504 1 0
1505 1 0
1506 1 0
1507 1 0
1508 1 0
1509 1 0
1510 1 0
1511 1 0
1512 1 0
1513 1 0
1514 1 0
1515 1 0
1516 1 0
1517 1 0
1518 1 0
1519 1 0
1520 1 0
1521 1 0
1522 1 0
1523 1 0
1524 1 0
1525 1 0
1526 1 0
1527 1 0
1528 1 0
1529 1 0
1530 1 0
1531 1 0
1532 1 0
1533 1 0
1534 1 0
1535 1 0
1536 1 0
1537 1 0
1538 1 0
1539 1 0
1540 1 0
1541 1 0
1542 1 0
1543 1 0
1544 1 0
1545 1 0
1546 1 0
1547 1 0
1548 1 0
1549 1 0
1550 1 0
1551 1 0
1552 1 0
1553 1 0
1554 1 0
1555 1 0
1556 1 0
1557 1 0
1558 1 0
1559 1 0
1560 1 0
1561 1 0
1562 1 0
1563 1 0
1564 1 0
1565 1 0
1566 3 3
1567 3 3
1568 3 3
1569 3 3
1570 3 3
1571 3 3
1572 3 3
1573 3 3
1574 3 3
1575 3 3
1576 3 3
1577 3 3
1578 3 3
1579 3 3
1580 3 3
1581 3 3
1582 3 3
1583 3 3
1584 3 3
1585 3 3
1586 3 3
1587 3 3
1588 3 3
1589 3 3
1590 3 3
1591 3 3
1592 3 3
1593 3 3
1594 3 3
1595 3 3
1596 3 3
1597 3 3
1598 3 3
1599 3 3
1600 3 3
1601 3 3
1602 3 3
1603 3 3
1604 3 3
1605 3 3
1606 3 3
1607 3 3
1608 3 3
1609 3 3
1610 3 3
1611 3 3
1612 3 3
1613 3 3
1614 3 3
1615 3 3
1616 3 3
1617 3 3
1618 3 3
1619 3 3
1620 3 3
1621 3 3
1622 3 3
1623 3 3
1624 3 3
1625 3 3
1626 3 3
1627 3 3
1628 3 3
1629 3 3
1630 3 3
1631 3 3
1632 3 3
1633 3 3
1634 3 3
1635 3 3
1636 3 3
1637 3 3
1638 3 3
1639 3 3
1640 3 3
1641 3 3
1642 3 3
1643 3 3
1644 3 3
1645 3 3
1646 3 3
1647 3 3
1648 3 3
1649 3 3
1650 3 3
1651 3 3
1652 3 3
1653 3 3
1654 3 3
1655 3 3
1656 3 3
1657 3 3
1658 3 3
1659 3 3
1660 3 3
1661 3 3
1662 3 3
1663 3 3
1664 3 3
1665 3 3
1666 3 3
1667 3 3
1668 3 3
1669 3 3
1670 3 3
1671 3 3
1672 3 3
1673 3 3
1674 3 3
1675 3 3
1676 3 3
1677 3 3
1678 3 3
1679 3 3
1680 3 3
1681 3 3
1682 3 3
1683 3 3
1684 3 3
1685 3 3
1686 3 3
1687 3 3
1688 3 3
1689 3 3
1690 3 3
1691 3 3
1692 3 3
1693 3 3
1694 3 3
1695 3 3
1696 3 3
1697 3 3
1698 3 3
1699 3 3
1700 3 3
1701 3 3
1702 3 3
1703 3 3
1704 3 3
1705 3 3
1706 3 3
1707 3 3
1708 3 3
1709 3 3
1710 3 3
1711 3 3
1712 3 3
1713 3 3
1714 3 3
1715 3 3
1716 3 3
1717 3 3
1718 3 3
1719 3 3
1720 3 3
1721 3 3
1722 3 3
1723 3 3
1724 3 3
1725 3 3
1726 3 3
1727 3 3
1728 3 3
1729 3 3
1730 3 3
1731 3 3
1732 3 3
1733 3 3
1734 3 3
1735 3 3
1736 3 3
1737 3 3
1738 3 3
1739 3 3
1740 3 3
1741 3 3
1742 3 3
1743 3 3
1744 3 3
1745 3 3
1746 3 3
1747 3 3
1748 3 3
1749 3 3
1750 3 3
1751 3 3
1752 3 3
1753 3 3
1754 3 3
1755 3 3
1756 3 3
1757 3 3
1758 3 3
1759 3 3
1760 3 3
1761 3 3
1762 3 3
1763 3 3
1764 3 3
1765 3 3
1766 3 3
1767 3 3
1768 3 3
1769 3 3
1770 3 3
1771 3 3
1772 3 3
1773 3 3
1774 3 3
1775 3 3
1776 3 3
1777 3 3
1778 3 3
1779 3 3
1780 3 3
1781 4 4
1782 4 4
1783 4 4
1784 4 4
1785 4 4
1786 4 4
1787 4 4
1788 4 4
1789 4 4
1790 4 4
1791 4 4
1792 4 4
1793 4 4
1794 3 3
1795 3 3
1796 3 3
1797 3 3
1798 3 3
1799 3 3
1800 3 3
1801 3 3
1802 4 4
1803 4 4
1804 4 4
1805 4 4
1806 4 4
1807 4 4
1808 4 4
1809 4 4
1810 4 4
1811 4 4
1812 4 4
1813 3 3
1814 3 3
1815 3 3
1816 3 3
1817 3 3
1818 3 3
1819 3 3
1820 3 3
1821 3 3
1822 3 3
1823 3 3
1824 3 3
1825 3 3
1826 3 3
1827 3 3
1828 3 3
1829 3 3
1830 3 3
1831 3 3
1832 3 3
1833 3 3
1834 3 3
1835 3 3
1836 3 3
1837 3 3
1838 3 3
1839 3 3
1840 3 3
1841 3 3
1842 3 3
1843 3 3
1844 3 3
1845 3 3
1846 3 3
1847 3 3
1848 3 3
1849 3 3
1850 3 3
1851 3 3
1852 3 3
1853 3 3
1854 4 4
1855 4 4
1856 4 4
1857 4 4
1858 4 4
1859 3 3
1860 3 3
1861 3 3
1862 4 4
1863 4 4
1864 4 4
1865 4 4
1866 4 4
1867 4 4
1868 4 4
1869 4 4
1870 4 4
1871 4 4
1872 4 4
1873 4 4
1874 4 4
1875 4 4
1876 4 4
1877 4 4
1878 4 4
1879 4 4
1880 4 4
1881 4 4
1882 4 4
1883 4 4
1884 4 4
1885 4 4
1886 4 4
1887 4 4
1888 4 4
1889 4 4
1890 4 4
1891 4 4
1892 4 4
1893 4 4
1894 4 4
1895 4 4
1896 4 4
1897 4 4
1898 4 4
1899 4 4
1900 4 4
1901 4 4
1902 4 4
1903 4 4
1904 4 4
1905 4 4
1906 4 4
1907 4 4
1908 4 4
1909 4 4
1910 4 4
1911 4 4
1912 4 4
1913 4 4
1914 4 4
1915 4 4
1916 4 4
1917 4 4
1918 4 4
1919 4 4
1920 4 4
1921 4 4
1922 4 4
1923 4 4
1924 4 4
1925 4 4
1926 4 4
1927 4 4
1928 4 4
1929 4 4
1930 4 4
1931 4 4
1932 4 4
1933 4 4
1934 4 4
1935 4 4
1936 4 4
1937 4 4
1938 4 4
1939 4 4
1940 4 4
1941 4 4
1942 4 4
1943 4 4
1944 4 4
1945 4 4
1946 4 4
1947 4 4
1948 4 4
1949 4 4
1950 4 4
1951 4 4
1952 4 4
1953 4 4
1954 4 4
1955 4 4
1956 4 4
1957 4 4
1958 4 4
1959 4 4
1960 4 4
1961 4 4
1962 4 4
1963 4 4
1964 4 4
1965 4 4
1966 4 4
1967 4 4
1968 4 4
1969 4 4
1970 4 4
1971 4 4
1972 4 4
1973 4 4
1974 4 4
1975 4 4
1976 4 4
1977 4 4
1978 4 4
1979 4 4
1980 4 4
1981 4 4
1982 4 4
1983 4 4
1984 4 4
1985 4 4
1986 4 4
1987 4 4
1988 4 4
1989 4 4
1990 4 4
1991 4 4
1992 4 4
1993 4 4
1994 4 4
1995 4 4
1996 4 4
1997 4 4
1998 4 4
1999 4 4
2000 4 4
2001 4 4
2002 4 4
2003 4 4
2004 4 4
2005 4 4
2006 4 4
2007 4 4
2008 4 4
2009 4 4
2010 4 4
2011 4 4
2012 4 4
2013 4 4
2014 4 4
2015 4 4
2016 4 4
2017 4 4
2018 4 4
2019 4 4
2020 4 4
2021 4 4
2022 4 4
2023 4 4
2024 4 4
2025 4 4
2026 4 4
2027 4 4
2028 4 4
2029 4 4
2030 4 4
2031 4 4
2032 4 4
2033 4 4
2034 4 4
2035 4 4
2036 4 4
2037 4 4
2038 4 4
2039 4 4
2040 4 4
2041 4 4
2042 4 4
2043 4 4
2044 4 4
2045 4 4
2046 4 4
2047 4 4
2048 4 4
2049 4 4
2050 4 4
2051 4 4
2052 4 4
2053 4 4
2054 4 4
2055 4 4
2056 4 4
2057 4 4
2058 4 4
2059 4 4
2060 4 4
2061 4 4
2062 4 4
2063 4 4
2064 4 4
2065 4 4
2066 4 4
2067 4 4
2068 4 4
2069 4 4
2070 4 4
2071 4 4
2072 4 4
2073 4 4
2074 4 4
2075 4 4
2076 4 4
2077 4 4
2078 4 4
2079 4 4
2080 4 4
2081 4 4
2082 4 4
2083 4 4
2084 4 4
2085 4 4
2086 4 4
2087 4 4
2088 4 4
2089 4 4
2090 4 4
2091 4 4
2092 4 4
2093 4 4
2094 4 4
2095 4 4
2096 4 4
2097 4 4
2098 4 4
2099 4 4
2100 4 4
2101 4 4
2102 4 4
2103 4 4
2104 3 3
2105 3 3
2106 3 3
2107 4 4
2108 4 4
2109 4 4
2110 4 4
2111 4 4
2112 1 0
2113 1 0
2114 1 0
2115 1 0
2116 1 0
2117 1 0
2118 1 0
2119 1 0
2120 1 0
2121 1 0
2122 1 0
2123 1 0
2124 1 0
2125 1 0
2126 1 0
2127 1 0
2128 1 0
2129 1 0
2130 1 0
2131 1 0
2132 1 0
2133 1 0
2134 1 0
2135 1 0
2136 1 0
2137 1 0
2138 1 0
2139 1 0
2140 1 0
2141 1 0
2142 1 0
2143 1 0
2144 1 0
2145 1 0
2146 1 0
2147 1 0
2148 1 0
2149 1 0
2150 1 0
2151 1 0
2152 1 0
2153 1 0
2154 1 0
2155 1 0
2156 1 0
2157 1 0
2158 1 0
2159 1 1
2160 1 0
2161 1 0
2162 1 0
2163 1 0
2164 1 0
2165 1 0
2166 1 0
2167 1 0
2168 1 0
2169 1 0
2170 1 0
2171 1 0
2172 1 0
2173 1 0
2174 1 0
2175 1 0
2176 1 0
2177 1 0
2178 1 1
2179 1 1
2180 1 1
2181 1 1
2182 1 1
2183 1 1
2184 1 1
2185 1 1
2186 1 1
2187 1 0
2188 1 1
2189 1 1
2190 1 1
2191 1 1
2192 1 1
2193 1 1
2194 1 1
2195 1 1
2196 1 1
2197 1 1
2198 1 1
2199 1 1
2200 1 1
2201 1 1
2202 1 1
2203 1 1
2204 1 1
2205 1 1
2206 1 1
2207 1 1
2208 1 1
2209 1 1
2210 1 1
2211 1 1
2212 1 1
2213 1 1
2214 1 0
2215 1 1
2216 1 1
2217 1 1
2218 1 1
2219 1 1
2220 1 1
2221 1 1
2222 1 0
2223 1 0
2224 1 0
2225 1 1
2226 1 0
2227 1 0
2228 1 0
2229 1 0
2230 1 0
2231 1 0
2232 1 0
2233 1 0
2234 1 1
2235 1 1
2236 1 0
2237 1 1
2238 1 0
2239 1 0
2240 1 0
2241 1 0
2242 1 0
2243 1 0
2244 1 0
2245 1 0
2246 1 0
2247 1 0
2248 1 0
2249 1 1
2250 1 0
2251 1 0
2252 1 0
2253 1 0
2254 1 0
2255 1 0
2256 1 0
2257 1 0
2258 1 0
2259 1 0
2260 1 0
2261 1 0
2262 1 1
2263 1 0
2264 1 0
2265 1 0
2266 1 0
2267 1 1
2268 1 1
2269 1 0
2270 1 0
2271 1 0
2272 1 0
2273 1 0
2274 1 0
2275 1 0
2276 1 0
2277 1 0
2278 1 0
2279 1 0
2280 1 0
2281 1 0
2282 1 0
2283 1 0
2284 1 0
2285 1 0
2286 1 0
2287 1 0
2288 1 0
2289 1 0
2290 1 0
2291 1 0
2292 1 0
2293 1 0
2294 1 0
2295 1 0
2296 1 0
2297 1 0
2298 1 0
2299 1 0
2300 1 0
2301 1 0
2302 1 0
2303 1 0
2304 1 0
2305 1 0
2306 1 0
2307 1 0
2308 1 0
2309 1 0
2310 1 0
2311 1 0
2312 1 0
2313 1 0
2314 1 0
2315 1 0
2316 5 5
2317 5 5
2318 5 5
2319 5 5
2320 5 5
2321 5 5
2322 5 5
2323 5 5
2324 5 5
2325 5 5
2326 5 5
2327 5 5
2328 5 5
2329 5 5
2330 5 5
2331 5 5
2332 5 5
2333 5 5
2334 5 5
2335 5 5
2336 5 5
2337 5 5
2338 5 5
2339 5 5
2340 5 5
2341 5 5
2342 5 5
2343 5 5
2344 5 5
2345 5 5
2346 5 5
2347 5 5
2348 5 5
2349 5 5
2350 5 5
2351 5 5
2352 5 5
2353 5 5
2354 5 5
2355 5 5
2356 5 5
2357 5 5
2358 5 5
2359 5 5
2360 5 5
2361 5 5
2362 5 5
2363 5 5
2364 5 5
2365 5 5
2366 5 5
2367 5 5
2368 5 5
2369 5 5
2370 5 5
2371 5 5
2372 5 5
2373 5 5
2374 5 5
2375 5 5
2376 5 5
2377 5 5
2378 5 5
2379 5 5
2380 5 5
2381 5 5
2382 5 5
2383 5 5
2384 5 5
2385 5 5
2386 5 5
2387 5 5
2388 5 5
2389 5 5
2390 5 5
2391 5 5
2392 5 5
2393 5 5
2394 5 5
2395 5 5
2396 5 5
2397 5 5
2398 5 5
2399 5 5
2400 5 5
2401 5 5
2402 5 5
2403 5 5
2404 5 5
2405 5 5
2406 5 5
2407 5 5
2408 5 5
2409 5 5
2410 5 5
2411 5 5
2412 5 5
2413 5 5
2414 5 5
2415 5 5
2416 5 5
2417 5 5
2418 5 5
2419 5 5
2420 5 5
2421 5 5
2422 5 5
2423 5 5
2424 5 5
2425 5 5
2426 5 5
2427 5 5
2428 5 5
2429 5 5
2430 5 5
2431 5 5
2432 5 5
2433 5 5
2434 5 5
2435 5 5
2436 5 5
2437 5 5
2438 5 5
2439 5 5
2440 5 5
2441 5 5
2442 5 5
2443 5 5
2444 5 5
2445 5 5
2446 5 5
2447 5 5
2448 5 5
2449 5 5
2450 5 5
2451 5 5
2452 5 5
2453 5 5
2454 5 5
2455 5 5
2456 5 5
2457 5 5
2458 5 5
2459 5 5
2460 5 5
2461 5 5
2462 5 5
2463 5 5
2464 5 5
2465 5 5
2466 5 5
2467 5 5
2468 5 5
2469 5 5
2470 5 5
2471 5 5
2472 5 5
2473 5 5
2474 5 5
2475 5 5
2476 5 5
2477 5 5
2478 5 5
2479 5 5
2480 5 5
2481 5 5
2482 5 5
2483 5 5
2484 5 5
2485 5 5
2486 5 5
2487 5 5
2488 5 5
2489 5 5
2490 5 5
2491 5 5
2492 5 5
2493 5 5
2494 5 5
2495 5 5
2496 5 5
2497 5 5
2498 5 5
2499 5 5
2500 5 5
2501 5 5
2502 5 5
2503 5 5
2504 5 5
2505 5 5
2506 5 5
2507 5 5
2508 5 5
2509 5 5
2510 5 5
2511 5 5
2512 5 5
2513 5 5
2514 5 5
2515 5 5
2516 5 5
2517 5 5
2518 5 5
2519 5 5
2520 5 5
2521 5 5
2522 5 5
2523 5 5
2524 5 5
2525 5 5
2526 5 5
2527 5 5
2528 5 5
2529 5 5
2530 5 5
2531 5 5
2532 5 5
2533 5 5
2534 5 5
2535 5 5
2536 5 5
2537 5 5
2538 5 5
2539 5 5
2540 5 5
2541 5 5
2542 5 5
2543 5 5
2544 5 5
2545 5 5
2546 5 5
2547 5 5
2548 5 5
2549 5 5
2550 5 5
2551 5 5
2552 5 5
2553 5 5
2554 5 5
2555 5 5
2556 5 5
2557 5 5
2558 5 5
2559 5 5
2560 5 5
2561 5 5
2562 5 5
2563 5 5
2564 5 5
2565 5 5
2566 5 5
2567 5 5
2568 5 5
2569 5 5
2570 5 5
2571 5 5
2572 5 5
2573 5 5
2574 5 5
2575 5 5
2576 5 5
2577 5 5
2578 5 5
2579 5 5
2580 5 5
2581 5 5
2582 5 5
2583 5 5
2584 5 5
2585 5 5
2586 5 5
2587 5 5
2588 5 5
2589 5 5
2590 5 5
2591 5 5
2592 5 5
2593 5 5
2594 5 5
2595 5 5
2596 5 5
2597 5 5
2598 5 5
2599 6 0
2600 6 0
2601 6 0
2602 6 0
2603 6 0
2604 6 0
2605 6 0
2606 6 0
2607 6 0
2608 6 0
2609 6 0
2610 6 0
2611 6 0
2612 6 0
2613 6 0
2614 6 0
2615 6 0
2616 6 0
2617 6 0
2618 6 0
2619 6 0
2620 6 0
2621 6 0
2622 6 0
2623 6 0
2624 6 0
2625 6 0
2626 6 0
2627 6 0
2628 6 6
2629 6 6
2630 6 6
2631 6 6
2632 6 6
2633 6 6
2634 6 6
2635 6 6
2636 6 6
2637 6 6
2638 6 6
2639 6 6
2640 6 6
2641 6 6
2642 6 6
2643 6 6
2644 6 6
2645 6 6
2646 6 0
2647 6 0
2648 6 6
2649 6 6
2650 6 6
2651 6 6
2652 6 6
2653 6 0
2654 6 6
2655 6 6
2656 6 6
2657 6 6
2658 6 6
2659 6 6
2660 6 6
2661 6 0
2662 6 6
2663 6 6
2664 6 6
2665 6 6
2666 6 6
2667 6 6
2668 6 6
2669 6 0
2670 6 0
2671 6 6
2672 6 6
2673 6 6
2674 6 0
2675 6 0
2676 6 6
2677 1 0
2678 1 0
2679 6 0
2680 6 6
2681 6 0
2682 6 0
2683 6 6
2684 6 6
2685 6 6
2686 6 0
2687 6 6
2688 6 6
2689 6 6
2690 6 6
2691 6 6
2692 6 6
2693 6 6
2694 6 6
2695 6 6
2696 6 6
2697 6 6
2698 6 6
2699 6 0
2700 6 0
2701 6 0
2702 6 0
2703 6 6
2704 6 0
2705 6 0
2706 6 0
2707 6 0
2708 6 0
2709 6 0
2710 1 0
2711 6 0
2712 6 6
2713 6 0
2714 1 0
2715 1 0
2716 6 0
2717 6 6
2718 6 6
2719 6 6
2720 6 6
2721 6 6
2722 6 6
2723 6 6
2724 6 6
2725 6 6
2726 6 6
2727 6 0
2728 6 0
2729 6 0
2730 6 6
2731 6 6
2732 6 6
2733 6 6
2734 6 6
2735 6 6
2736 6 6
2737 6 6
2738 6 6
2739 6 6
2740 6 6
2741 6 6
2742 6 6
2743 6 6
2744 6 6
2745 6 6
2746 6 6
2747 6 6
2748 6 6
2749 6 6
2750 6 6
2751 6 6
2752 6 6
2753 6 6
2754 6 6
2755 6 0
2756 6 0
2757 6 0
2758 6 0
2759 6 0
2760 6 6
2761 6 6
2762 6 6
2763 6 6
2764 6 6
2765 6 0
2766 6 6
2767 6 6
2768 6 6
2769 6 6
2770 6 6
2771 6 6
2772 6 6
2773 6 6
2774 6 0
2775 6 0
2776 6 6
2777 6 6
2778 6 6
2779 6 0
2780 6 0
2781 6 0
2782 6 6
2783 6 6
2784 6 6
2785 6 6
2786 6 6
2787 6 6
2788 6 6
2789 6 0
2790 6 0
2791 6 0
2792 6 6
2793 6 6
2794 6 6
2795 6 6
2796 6 6
2797 6 6
2798 6 6
2799 6 0
2800 6 0
2801 6 0
2802 6 0
2803 6 0
2804 6 0
2805 6 6
2806 6 6
2807 6 0
2808 6 0
2809 6 0
2810 6 0
2811 6 0
2812 6 0
2813 6 0
2814 6 0
2815 6 0
2816 6 0
2817 6 0
2818 6 0
2819 6 0
2820 6 0
2821 6 0
2822 6 0
2823 6 0
2824 6 0
2825 6 0
2826 6 0
2827 6 0
2828 6 0
2829 6 0
2830 6 0
2831 6 0
2832 6 0
2833 6 0
2834 6 0
2835 6 0
2836 1 0
2837 1 0
2838 1 0
2839 1 0
2840 1 0
2841 1 0
2842 2 2
2843 2 2
2844 2 2
2845 2 2
2846 4 4
2847 2 2
2848 2 2
2849 2 2
2850 2 2
2851 2 2
2852 2 2
2853 2 2
2854 2 2
2855 2 2
2856 2 2
2857 2 2
2858 2 2
2859 2 2
2860 2 2
2861 2 2
2862 2 2
2863 2 2
2864 2 2
2865 2 2
2866 2 2
2867 2 2
2868 2 2
2869 2 2
2870 2 2
2871 2 2
2872 2 2
2873 2 2
2874 2 2
2875 2 2
2876 2 2
2877 2 2
2878 2 2
2879 2 2
2880 2 2
2881 2 2
2882 2 2
2883 2 2
2884 2 2
2885 2 2
2886 2 2
2887 2 2
2888 2 2
2889 2 2
2890 2 2
2891 2 2
2892 2 2
2893 2 2
2894 2 2
2895 2 2
2896 2 2
2897 2 2
2898 2 2
2899 2 2
2900 2 2
2901 2 2
2902 2 2
2903 2 2
2904 2 2
2905 2 2
2906 2 2
2907 2 2
2908 2 2
2909 2 2
2910 2 2
2911 2 2
2912 2 2
2913 2 2
2914 2 2
2915 2 2
2916 2 2
2917 2 2
2918 2 2
2919 2 2
2920 2 2
2921 2 2
2922 2 2
2923 2 2
2924 2 2
2925 2 2
2926 2 2
2927 2 2
2928 2 2
2929 2 2
2930 2 2
2931 2 2
2932 2 2
2933 2 2
2934 2 2
2935 2 2
2936 2 2
2937 2 2
2938 2 2
2939 2 2
2940 2 2
2941 2 2
2942 2 2
2943 2 2
2944 2 2
2945 2 2
2946 2 2
2947 2 2
2948 2 2
2949 2 2
2950 2 2
2951 2 2
2952 2 2
2953 2 2
2954 2 2
2955 2 2
2956 2 2
2957 2 2
2958 2 2
2959 2 2
2960 2 2
2961 2 2
2962 2 2
2963 2 2
2964 2 2
2965 2 2
2966 2 2
2967 2 2
2968 1 0
2969 1 0
2970 1 0
2971 1 0
2972 1 0
2973 1 0
2974 1 0
2975 1 0
2976 4 4
2977 4 4
2978 4 4
2979 4 4
2980 4 4
2981 2 2
2982 2 2
2983 1 0
2984 1 0
2985 5 5
2986 5 5
2987 5 5
2988 5 5
2989 5 5
2990 5 5
2991 6 0
2992 6 0
2993 6 0
2994 6 0
2995 1 0
2996 1 0
2997 5 5
2998 5 5
2999 5 5
3000 5 5
3001 5 5
3002 5 5
3003 5 5
3004 5 5
3005 2 2
3006 2 2
3007 2 2
3008 2 2
3009 1 0
3010 1 0
3011 1 0
3012 1 0
3013 1 0
3014 1 0
3015 1 0
3016 6 0
3017 6 0
3018 5 5
3019 5 5
3020 5 5
3021 5 5
3022 5 5
3023 5 5
3024 5 5
3025 5 5
3026 5 5
3027 1 0
3028 1 0
3029 1 0
3030 1 0
