 32.51   0.03
 30.40   0.03
 30.11   0.04
 16.70   0.03
 29.57   0.03
 38.55   0.02
 36.78   0.01
 42.32   0.02
 43.11   0.03
 39.48   0.03
 42.57   0.02
 46.96   0.02
 49.36   0.07
 47.24   0.03
 32.95   0.03
 27.78   0.01
 32.75   0.02
 21.22   0.03
 10.22   0.04
  9.81   0.04
  5.74   0.04
  7.45   0.02
 16.20   0.03
 37.67   0.02
 30.88   0.02
 33.63   0.02
 43.17   0.04
 37.41   0.02
 28.12   0.02
 31.72   0.02
 34.09   0.02
 40.63   0.01
 40.00   0.02
 37.58   0.02
 36.62   0.03
 30.35   0.02
 34.75   0.02
 43.01   0.02
 47.48   0.03
 42.65   0.02
 40.28   0.02
 44.62   0.02
 41.01   0.02
 42.90   0.03
 40.62   0.02
 35.28   0.02
 45.39   0.03
 36.18   0.03
 29.83   0.03
 38.08   0.01
 39.58   0.02
 40.34   0.02
 29.82   0.02
 35.81   0.02
 26.10   0.01
 15.84   0.02
 24.56   0.02
 28.69   0.01
 22.97   0.02
 29.93   0.02
 33.07   0.02
 25.75   0.03
 13.66   0.04
  5.23   0.01
  7.41   0.04
 15.60   0.05
 35.28   0.04
 31.82   0.03
 36.68   0.01
 42.85   0.02
 44.38   0.03
 42.28   0.01
 41.11   0.05
 56.64   0.02
 36.08   0.02
 34.71   0.02
 28.88   0.02
 22.28   0.03
 34.95   0.02
 42.18   0.01
 23.86   0.02
 19.36   0.02
 37.65   0.04
 33.22   0.02
 28.95   0.03
 32.03   0.02
 44.81   0.01
 38.14   0.04
 32.16   0.02
 37.13   0.02
 34.36   0.02
 26.64   0.01
 26.19   0.02
 28.69   0.05
 45.63   0.04
 46.02   0.04
100.59   0.03
 87.50   0.03
 72.27   0.02
 71.06   0.01
 79.98   0.02
 62.86   0.03
 37.68   0.02
 39.01   0.04
 36.74   0.02
 45.53   0.02
 28.62   0.03
 27.47   0.03
 51.71   0.04
 79.74   0.01
 54.09   0.01
 28.34   0.05
 21.02   0.01
 29.31   0.03
 51.40   0.03
 43.39   0.03
 38.15   0.04
 25.02   0.04
 31.27   0.02
 36.25   0.03
 77.18   0.02
 43.16   0.04
 26.15   0.03
 25.22   0.03
 26.71   0.05
 61.56   0.02
 72.56   0.03
 55.36   0.02
 39.71   0.02
 56.52   0.02
 80.00   0.03
 64.99   0.04
 37.67   0.03
 18.14   0.03
 14.73   0.02
 16.81   0.02
 15.09   0.01
 22.28   0.02
 33.56   0.02
 34.85   0.03
 40.56   0.03
 45.40   0.02
 37.37   0.02
 13.87   0.05
  9.35   0.02
 11.05   0.02
 18.07   0.03
 14.50   0.04
 18.35   0.04
 30.98   0.03
 23.11   0.03
 11.52   0.02
  6.74   0.03
 11.96   0.04
 19.33   0.03
 29.25   0.02
 38.33   0.04
 33.77   0.02
 17.83   0.04
 13.20   0.02
 20.03   0.05
 27.14   0.03
 16.67   0.01
 15.41   0.03
 35.32   0.02
 41.35   0.02
 48.16   0.02
 43.89   0.03
 34.73   0.02
 41.72   0.02
 50.64   0.04
 47.70   0.02
 48.18   0.01
 32.18   0.02
 37.06   0.01
 15.52   0.05
 13.07   0.03
 29.11   0.04
 27.49   0.04
  0.68   0.06
  2.49   0.03
 17.23   0.03
 16.65   0.04
 28.55   0.03
 23.73   0.03
 28.40   0.03
 46.82   0.01
 43.89   0.01
 39.29   0.02
 46.98   0.02
 57.59   0.03
 51.21   0.02
 49.05   0.01
 49.30   0.02
 42.98   0.02
 41.57   0.01
 43.92   0.02
 45.02   0.01
 45.87   0.02
 46.03   0.03
 45.57   0.02
 52.66   0.01
 55.84   0.02
 53.66   0.01
 49.69   0.02
 54.70   0.02
 54.06   0.02
 40.33   0.01
 37.33   0.01
 40.67   0.02
 39.02   0.02
 36.84   0.02
 44.92   0.01
 41.24   0.02
 40.27   0.02
 43.28   0.03
 41.32   0.02
 41.61   0.00
 42.72   0.02
 41.67   0.02
 43.24   0.02
 39.84   0.03
 31.94   0.03
 44.00   0.04
 51.69   0.02
 34.13   0.03
 28.09   0.02
 29.99   0.03
 37.56   0.03
 37.91   0.03
 32.82   0.02
 33.48   0.03
 28.17   0.02
 35.24   0.03
 29.23   0.03
 35.35   0.02
 29.87   0.05
 19.04   0.04
 30.88   0.02
 44.00   0.05
 42.30   0.03
 28.19   0.03
 24.25   0.03
 23.55   0.02
 33.36   0.03
 37.13   0.03
 40.71   0.03
 37.27   0.03
 39.33   0.01
 36.69   0.03
 37.74   0.03
 34.38   0.03
 23.36   0.04
 33.52   0.01
 14.36   0.03
 25.98   0.03
 48.99   0.04
 39.27   0.01
 29.85   0.01
 33.41   0.03
 30.69   0.02
  7.92   0.05
 13.33   0.04
 36.08   0.02
 39.34   0.02
 37.07   0.02
 16.71   0.04
  9.50   0.03
 19.38   0.02
 21.81   0.03
 27.40   0.02
 32.91   0.01
 36.99   0.01
 44.73   0.04
 14.86   0.03
 27.89   0.02
 38.77   0.03
 23.26   0.02
 34.12   0.02
 32.29   0.03
 39.09   0.03
 41.26   0.04
 41.89   0.03
 34.89   0.02
 20.75   0.02
 18.42   0.02
 20.36   0.02
 12.14   0.01
 14.87   0.03
 36.30   0.03
 30.84   0.02
 12.32   0.02
 14.02   0.03
  6.46   0.04
 42.54   0.03
 52.92   0.01
 56.89   0.02
 77.21   0.02
 75.54   0.02
 61.56   0.02
 55.07   0.04
 51.43   0.02
 61.74   0.02
 23.84   0.04
  9.85   0.02
 32.24   0.03
 51.87   0.01
 38.27   0.03
 14.09   0.04
 19.52   0.05
 54.91   0.01
 41.80   0.03
 63.06   0.03
 53.05   0.01
 42.06   0.01
 41.88   0.02
 44.15   0.02
 37.40   0.02
 45.64   0.02
 53.41   0.04
 47.81   0.03
 34.08   0.03
 53.32   0.02
 61.19   0.03
 48.07   0.03
 68.85   0.03
 63.28   0.02
 31.94   0.02
 25.09   0.01
 22.83   0.03
 20.80   0.01
 27.62   0.02
 58.16   0.03
 75.93   0.01
 54.90   0.01
 52.97   0.03
 64.78   0.02
 52.54   0.02
 67.35   0.02
 72.48   0.02
 53.74   0.03
 49.99   0.03
 10.92   0.03
 12.60   0.03
 66.57   0.02
 46.13   0.03
 35.93   0.02
 40.31   0.02
 52.44   0.03
 48.23   0.02
  6.26   0.02
  6.57   0.02
  9.45   0.06
 32.30   0.03
 32.56   0.02
 24.08   0.02
 28.93   0.02
 63.96   0.02
 65.35   0.02
 33.43   0.01
 31.86   0.02
 59.41   0.01
 73.74   0.01
 84.46   0.03
 71.87   0.02
 45.78   0.02
 78.39   0.02
 18.17   0.01
 52.09   0.03
 81.91   0.02
 61.37   0.02
 74.38   0.01
 75.19   0.02
 64.06   0.02
 38.44   0.02
 11.08   0.03
 23.20   0.03
 51.95   0.02
 73.68   0.02
 60.95   0.02
 29.98   0.03
 24.89   0.01
 64.87   0.02
 20.38   0.03
 46.71   0.03
 60.91   0.02
 74.81   0.01
 94.97   0.02
 97.31   0.02
 93.99   0.02
 75.83   0.03
 68.20   0.02
 64.16   0.03
 39.50   0.01
 31.48   0.02
 42.05   0.02
 36.79   0.03
 31.84   0.04
 75.04   0.01
 84.72   0.02
 68.86   0.01
 66.76   0.00
 69.75   0.02
 68.98   0.02
 72.36   0.02
 79.73   0.01
 82.01   0.03
 21.40   0.02
 50.60   0.03
 83.14   0.01
 87.05   0.02
 87.59   0.02
 81.67   0.02
 94.47   0.02
 95.19   0.02
 33.66   0.02
 18.95   0.04
 45.52   0.03
 73.31   0.01
 80.59   0.02
 77.25   0.01
 69.72   0.03
 44.82   0.02
 91.15   0.02
 88.39   0.01
 85.25   0.02
 53.87   0.03
  2.36   0.05
  1.47   0.03
 26.61   0.02
 60.17   0.02
 67.38   0.03
 79.95   0.01
 48.34   0.01
 57.29   0.02
 71.99   0.01
 71.23   0.03
 19.32   0.02
 99.60   0.02
 57.03   0.04
 95.04   0.02
 26.78   0.04
  2.84   0.06
 37.25   0.03
 69.86   0.03
 54.56   0.03
 57.96   0.03
 31.53   0.02
 36.67   0.03
 42.79   0.02
 47.26   0.02
 41.66   0.02
 22.27   0.03
 16.80   0.02
 24.88   0.03
 39.80   0.01
 35.48   0.02
 34.42   0.00
 78.31   0.02
 77.92   0.03
 42.92   0.04
 86.30   0.02
 91.04   0.02
 47.61   0.02
 64.47   0.02
 21.90   0.01
 15.99   0.04
  8.73   0.06
 22.38   0.06
 16.47   0.03
  5.02   0.06
 11.53   0.04
 52.14   0.02
 44.21   0.04
 40.86   0.02
 21.47   0.01
 53.14   0.03
 30.08   0.03
 10.74   0.04
  7.76   0.02
  9.67   0.03
 19.21   0.03
 24.98   0.02
 53.76   0.03
 82.12   0.02
 59.82   0.03
 42.83   0.02
 28.42   0.02
 35.37   0.02
 19.52   0.04
 11.88   0.03
 12.97   0.02
 36.45   0.03
 40.27   0.01
 31.52   0.02
 25.72   0.03
 57.38   0.02
 43.41   0.02
 38.60   0.02
 32.88   0.03
 45.08   0.03
 50.12   0.02
 30.31   0.02
 26.91   0.02
 34.92   0.01
 37.08   0.02
 43.39   0.02
 65.64   0.02
 67.71   0.02
 35.53   0.02
 50.76   0.03
 49.66   0.02
 45.25   0.01
 58.47   0.02
 18.10   0.03
 25.54   0.03
 52.52   0.02
 46.14   0.02
 39.15   0.02
 28.56   0.02
 28.42   0.03
 35.23   0.02
 46.60   0.02
 58.63   0.03
 45.07   0.02
 41.34   0.02
 40.43   0.02
 84.18   0.02
 50.94   0.03
 66.40   0.03
 58.94   0.03
 64.55   0.02
 51.79   0.03
 29.43   0.02
 49.02   0.02
 44.66   0.03
 54.56   0.03
 28.24   0.02
 35.66   0.02
 78.53   0.02
 60.97   0.01
 33.73   0.02
 64.39   0.02
 42.89   0.02
 33.57   0.02
 46.13   0.01
102.31   0.55
 76.30   0.02
 77.03   0.03
 77.07   0.03
 64.76   0.02
 33.35   0.02
 48.90   0.02
 93.75   0.01
 97.35   0.03
 26.52   0.02
 11.01   0.04
 16.98   0.03
 39.46   0.02
 50.08   0.02
 22.73   0.04
 65.37   0.02
 81.37   0.02
 79.56   0.01
 81.01   0.02
 92.72   0.01
 81.98   0.02
 71.67   0.02
 43.97   0.02
 57.77   0.02
 40.00   0.03
 39.69   0.02
 81.28   0.01
 60.72   0.03
 37.51   0.02
 46.73   0.02
 57.73   0.02
 62.21   0.02
 20.88   0.03
  3.79   0.05
 34.00   0.01
 61.66   0.02
 26.67   0.02
 54.59   0.01
 85.85   0.01
 87.43   0.03
 79.06   0.01
 71.58   0.03
 87.03   0.02
 74.84   0.02
 75.97   0.02
 91.06   0.02
 76.38   0.02
 68.83   0.03
 34.29   0.02
 71.52   0.03
 93.97   0.02
 39.45   0.02
 39.15   0.03
 53.01   0.03
 84.37   0.03
 98.94   0.01
 98.35   0.02
 75.81   0.01
 89.43   0.02
 91.91   0.03
100.35   0.03
 93.30   0.01
 86.09   0.03
 91.79   0.02
 92.09   0.01
100.63   0.02
 96.12   0.02
 83.69   0.01
 85.67   0.01
 83.52   0.02
 84.22   0.02
 86.54   0.02
 60.26   0.02
 68.07   0.03
 86.99   0.02
 58.58   0.03
 72.06   0.02
 46.74   0.02
 36.02   0.03
 43.52   0.04
 82.14   0.01
 56.57   0.01
 60.39   0.02
 63.46   0.03
 46.40   0.02
 43.47   0.02
 66.46   0.02
 43.23   0.03
 36.46   0.02
 45.53   0.02
 47.50   0.02
 60.71   0.03
 68.75   0.02
 65.81   0.01
 62.77   0.03
 27.73   0.03
 34.10   0.01
 38.25   0.02
 35.94   0.01
 43.18   0.03
 41.99   0.02
 39.41   0.01
 42.92   0.01
 59.03   0.02
 56.88   0.02
 28.89   0.01
 29.61   0.01
 47.79   0.03
 43.66   0.01
 32.76   0.02
 37.53   0.01
 48.84   0.02
 75.02   0.01
 20.29   0.04
 34.34   0.04
 37.54   0.03
 39.96   0.03
 17.84   0.04
  9.46   0.01
  9.99   0.03
 10.63   0.04
 36.68   0.03
 66.90   0.02
 49.66   0.02
  7.09   0.02
  9.30   0.03
 19.12   0.04
 55.13   0.02
 24.47   0.03
 54.15   0.02
 18.11   0.04
  1.79   0.06
  0.07   0.12
  1.18   0.02
  1.20   0.15
  0.54   0.07
  0.01   0.14
  2.22   0.05
  1.34   0.06
  3.55   0.02
  3.89   0.07
  2.61   0.05
  2.22   0.03
  3.57   0.03
  3.82   0.03
  3.91   0.07
  9.33   0.02
  9.57   0.01
  9.87   0.04
  9.82   0.03
  8.19   0.01
  9.38   0.02
 10.42   0.21
  9.56   0.02
 10.27   0.07
  7.61   0.05
  5.78   0.02
  8.38   0.04
  7.89   0.04
  6.03   0.05
  4.74   0.04
  3.79   0.05
  0.92   0.07
  2.43   0.06
  2.59   0.07
  4.81   0.05
  7.16   0.02
  7.50   0.03
  9.11   0.03
  9.90   0.07
  7.89   0.04
  5.34   0.05
  8.86   0.04
  4.61   0.04
  2.42   0.04
  6.69   0.05
  5.34   0.05
  3.79   0.04
  4.15   0.04
  4.41   0.04
  3.66   0.04
  6.88   0.04
  6.67   0.03
  5.94   0.04
  6.42   0.02
  7.25   0.05
  7.13   0.03
  6.47   0.05
  5.42   0.02
  8.02   0.07
  7.32   0.04
  6.06   0.04
  5.16   0.02
  6.31   0.05
  6.34   0.03
  6.42   0.02
  4.83   0.04
  3.21   0.04
  3.47   0.04
  1.54   0.07
  4.12   0.03
  5.68   0.05
  5.30   0.03
  6.47   0.02
  3.91   0.05
  5.16   0.05
  1.94   0.05
  3.65   0.04
  7.39   0.04
  6.19   0.05
  4.33   0.02
  5.85   0.04
  3.08   0.04
  7.65   0.02
  9.85   0.02
  8.26   0.02
  7.43   0.03
  6.54   0.04
  3.14   0.05
  2.58   0.04
  1.54   0.06
  4.57   0.05
  5.47   0.04
  9.40   0.04
  5.57   0.03
  8.43   0.03
  6.33   0.03
  4.90   0.04
  6.68   0.03
  6.85   0.04
  8.77   0.01
  8.70   0.01
  7.99   0.02
  9.54   0.24
  6.57   0.04
  3.54   0.04
  6.51   0.05
  3.41   0.03
  7.27   0.04
  5.76   0.04
  2.16   0.05
  2.83   0.05
  0.99   0.05
  2.28   0.05
  5.41   0.14
  3.79   0.05
  2.17   0.03
  0.59   0.08
  0.50   0.07
  2.85   0.04
  3.20   0.05
  3.40   0.05
  3.24   0.03
  3.44   0.05
  4.62   0.02
  4.83   0.05
  4.36   0.02
  4.61   0.05
  4.21   0.03
  5.07   0.19
  4.55   0.02
  1.82   0.05
  1.84   0.07
  1.19   0.05
  4.86   0.04
  4.22   0.04
  1.52   0.07
  3.06   0.04
  1.44   0.06
  0.39   0.09
  2.22   0.04
  2.05   0.04
  2.13   0.09
  2.63   0.06
  3.82   0.07
  2.52   0.04
  4.34   0.05
  3.09   0.05
  0.27   0.09
  1.54   0.07
  2.77   0.05
  4.10   0.05
  1.80   0.03
  0.69   0.07
  0.56   0.06
  5.75   0.03
  5.09   0.06
  2.95   0.05
  5.03   0.02
  4.34   0.04
  3.52   0.03
  1.09   0.07
  2.47   0.08
  2.39   0.05
  1.99   0.02
  2.14   0.06
  6.00   0.03
  0.95   0.05
  1.40   0.07
  6.15   0.04
  4.01   0.02
  8.30   0.02
  4.52   0.03
  7.85   0.20
  2.18   0.05
  2.11   0.07
  0.71   0.07
  0.93   0.10
  0.84   0.06
  0.49   0.06
  0.06   0.12
  7.38   0.03
  8.81   0.03
  5.74   0.03
  3.55   0.06
  7.67   0.03
  5.55   0.04
  4.91   0.03
  2.05   0.04
  1.29   0.04
  2.17   0.08
  1.36   0.03
  2.15   0.05
  2.47   0.04
  5.66   0.04
  7.08   0.04
 10.20   0.02
  9.92   0.02
 11.36   0.03
  8.48   0.04
  8.32   0.05
  6.19   0.03
  6.99   0.02
  8.94   0.04
  3.57   0.04
  4.24   0.05
  3.50   0.05
  1.18   0.05
  5.50   0.03
 10.84   0.02
 11.69   0.27
  2.80   0.05
  1.52   0.06
  2.07   0.06
  8.54   0.01
  9.34   0.05
  6.98   0.02
  4.68   0.03
  4.60   0.04
  6.70   0.03
  7.55   0.04
  5.06   0.05
  5.42   0.04
 10.19   0.04
  7.42   0.03
  1.35   0.08
  6.81   0.04
  6.57   0.01
  6.48   0.04
  5.75   0.05
  2.26   0.06
  1.49   0.05
  1.93   0.04
  2.29   0.05
  3.30   0.04
  5.33   0.03
  5.86   0.01
  3.68   0.04
  6.15   0.03
  5.67   0.03
  5.21   0.03
  5.83   0.04
  9.10   0.05
  6.18   0.03
  5.61   0.05
  1.29   0.08
  4.89   0.05
  6.46   0.03
  6.34   0.03
  5.83   0.02
  4.78   0.02
  6.49   0.07
  7.24   0.04
  4.36   0.02
  7.29   0.04
  5.32   0.04
  2.84   0.07
  2.82   0.05
  3.98   0.05
  3.93   0.03
  4.14   0.03
  4.66   0.05
  5.35   0.03
  2.71   0.06
  6.92   0.02
  4.68   0.03
  2.26   0.06
  1.29   0.07
  0.43   0.07
  0.83   0.16
  0.75   0.05
  0.23   0.09
  1.60   0.03
  1.73   0.07
  3.15   0.04
  3.48   0.03
  5.61   0.04
  7.08   0.10
  7.01   0.02
  5.88   0.03
  2.18   0.04
  2.42   0.07
  3.68   0.04
  2.93   0.06
  3.95   0.04
  2.43   0.04
  3.54   0.04
  4.72   0.03
  1.55   0.07
  2.71   0.05
  4.82   0.04
  1.78   0.07
  6.45   0.04
  5.18   0.03
  5.47   0.04
  5.84   0.03
  5.87   0.02
  6.59   0.04
  6.43   0.04
  3.78   0.04
  4.99   0.04
  5.60   0.07
  2.30   0.03
  2.68   0.06
  4.45   0.04
  5.95   0.04
  5.70   0.03
  4.21   0.02
  5.23   0.03
  6.83   0.03
  4.95   0.02
  7.34   0.04
  2.88   0.03
  4.14   0.05
  2.59   0.06
  4.67   0.05
  2.32   0.07
  4.41   0.05
  5.02   0.05
  3.64   0.05
  3.06   0.04
  4.60   0.04
  2.52   0.06
  7.60   0.25
  5.75   0.02
  3.58   0.03
  5.13   0.05
  5.94   0.03
  5.76   0.03
  5.99   0.05
  5.92   0.03
  2.06   0.05
  0.07   0.12
  0.02   0.14
  0.01   0.12
  0.57   0.09
  2.25   0.06
  1.33   0.06
  1.32   0.05
  2.27   0.06
  6.09   0.03
  8.29   0.16
  5.91   0.02
  6.21   0.04
  7.58   0.02
  4.51   0.04
  4.69   0.04
  7.37   0.04
  6.96   0.02
  4.86   0.04
  4.41   0.02
  4.71   0.04
  7.34   0.02
  7.46   0.04
  3.56   0.04
  3.67   0.05
  5.62   0.03
  4.05   0.03
  8.27   0.03
  5.91   0.04
  1.69   0.07
  1.74   0.08
  2.27   0.05
  1.87   0.06
  2.16   0.07
  8.31   0.06
  5.20   0.02
  6.27   0.04
  7.66   0.06
  6.74   0.05
  6.65   0.03
  7.41   0.05
  2.23   0.07
  3.13   0.06
  7.38   0.01
  7.47   0.03
  7.67   0.04
 12.03   0.05
 19.94   0.03
  6.67   0.04
  5.73   0.03
  5.95   0.04
  1.80   0.05
  3.38   0.05
  8.61   0.03
  8.78   0.04
  8.49   0.02
  6.04   0.03
  4.33   0.03
  4.85   0.05
  4.30   0.03
  4.94   0.06
 12.15   0.03
 12.91   0.03
 16.28   0.11
 14.82   0.05
 25.59   0.02
  3.67   0.07
  1.32   0.04
  4.65   0.05
 13.63   0.04
 27.05   0.02
 15.06   0.04
  7.71   0.03
  4.75   0.03
 11.91   0.03
 14.20   0.03
 11.13   0.03
 10.74   0.01
 13.59   0.03
 12.23   0.02
  8.14   0.04
  3.75   0.05
  4.36   0.06
 10.75   0.03
 13.60   0.03
 14.62   0.03
 12.66   0.02
  8.92   0.03
 12.64   0.02
 10.45   0.02
  6.68   0.04
 11.54   0.03
 13.77   0.03
 15.11   0.03
 14.68   0.03
 14.70   0.02
 25.12   0.03
  3.97   0.07
  1.55   0.05
  1.96   0.08
 19.09   0.05
 28.77   0.02
 18.90   0.03
  9.39   0.06
  2.70   0.06
  5.89   0.03
  7.82   0.02
  7.29   0.03
  4.69   0.04
  7.66   0.04
  5.70   0.04
  3.30   0.02
  4.86   0.04
  8.62   0.03
 10.67   0.05
 14.14   0.01
  5.34   0.06
  1.51   0.07
  5.24   0.04
 10.23   0.06
  8.45   0.04
  5.26   0.04
  3.99   0.05
  5.06   0.07
  4.99   0.04
  0.59   0.06
  0.64   0.10
  3.78   0.04
  5.19   0.06
  2.60   0.04
  4.82   0.06
  6.02   0.05
  9.26   0.05
 15.52   0.04
 11.66   0.03
  7.69   0.04
  6.69   0.04
 13.17   0.04
 20.99   0.02
 29.60   0.02
 27.65   0.02
 22.80   0.04
 14.06   0.04
 13.51   0.02
 20.87   0.03
 30.73   0.02
 25.78   0.02
 19.79   0.04
 17.52   0.02
 28.99   0.03
 21.39   0.03
 19.74   0.02
 17.02   0.02
 23.16   0.03
 34.55   0.03
 11.49   0.05
  9.13   0.03
 31.94   0.02
 28.56   0.02
 28.62   0.03
 27.88   0.03
 30.61   0.03
 18.27   0.04
 19.52   0.03
 37.37   0.01
 28.80   0.04
 21.56   0.02
 17.21   0.02
 25.69   0.03
 39.04   0.02
 39.56   0.21
 36.02   0.02
 22.99   0.02
 12.55   0.04
 10.93   0.02
 13.56   0.04
 25.22   0.03
 18.18   0.02
 21.06   0.04
 15.54   0.04
 13.94   0.03
 13.09   0.04
  9.86   0.02
  6.16   0.04
  3.96   0.02
  4.97   0.04
  5.02   0.04
  1.95   0.01
  2.19   0.08
  1.83   0.05
 16.46   0.03
 18.64   0.03
 27.37   0.03
 33.44   0.02
 29.61   0.04
 26.27   0.03
 32.11   0.03
 23.97   0.03
 24.09   0.03
 18.12   0.03
 21.14   0.02
 38.07   0.02
 26.70   0.02
  5.86   0.05
 18.62   0.03
  9.56   0.03
  7.46   0.03
 13.47   0.04
 33.54   0.02
 32.96   0.02
 26.65   0.02
 35.20   0.03
 32.36   0.03
 24.18   0.02
 21.60   0.04
 12.43   0.06
 16.34   0.04
 31.97   0.02
 20.82   0.03
 26.04   0.03
 34.29   0.01
 32.11   0.03
 28.99   0.03
 30.54   0.03
 19.84   0.03
 26.98   0.03
 22.67   0.04
 21.88   0.03
  9.99   0.06
  7.61   0.05
 25.19   0.03
 30.18   0.03
 27.09   0.03
 21.95   0.04
 12.80   0.04
 10.87   0.03
 21.77   0.02
 35.59   0.03
 36.37   0.03
 33.86   0.04
 24.52   0.03
 26.54   0.03
 23.56   0.03
  5.77   0.06
 22.19   0.03
 25.58   0.03
  7.74   0.05
 13.62   0.04
 23.57   0.02
 30.62   0.02
 19.74   0.03
 18.92   0.04
  7.05   0.05
  5.95   0.07
  1.59   0.07
  0.90   0.05
  2.70   0.06
 18.63   0.02
 19.88   0.02
 22.00   0.04
 26.53   0.03
 23.20   0.02
 23.80   0.01
 25.15   0.02
 23.38   0.04
 26.98   0.02
 29.25   0.03
 17.12   0.02
 21.08   0.04
 14.90   0.03
 13.91   0.03
 17.02   0.04
 14.97   0.03
 15.22   0.03
 17.21   0.04
 12.19   0.02
 14.65   0.03
 13.47   0.02
  7.72   0.03
 13.63   0.05
 24.47   0.03
 19.46   0.02
 20.08   0.02
 24.49   0.02
 23.12   0.01
 20.94   0.02
 24.40   0.02
 28.66   0.06
 28.56   0.02
 26.48   0.02
 24.23   0.01
 24.58   0.03
 24.01   0.01
 23.54   0.01
 24.30   0.02
 21.81   0.02
 20.05   0.02
 15.41   0.03
 18.18   0.02
  8.41   0.04
  5.44   0.05
  5.23   0.03
  6.74   0.04
  3.64   0.05
  5.04   0.04
  4.43   0.05
  0.62   0.08
  0.48   0.08
  3.20   0.04
  3.60   0.07
  2.21   0.04
  1.86   0.03
  1.34   0.03
  1.85   0.07
  4.40   0.04
 11.98   0.03
 21.79   0.05
 19.21   0.02
 14.23   0.02
 12.85   0.01
  2.18   0.08
  1.91   0.03
 11.50   0.03
 16.54   0.01
 17.45   0.02
  3.72   0.04
  9.04   0.06
  4.68   0.03
  6.84   0.04
  5.14   0.04
 10.84   0.03
  7.89   0.04
  8.48   0.02
 14.63   0.05
  8.22   0.03
  3.32   0.05
  2.16   0.07
  1.62   0.05
  3.65   0.05
 31.78   0.03
 23.87   0.03
  7.40   0.06
  6.47   0.05
  4.46   0.06
  1.99   0.07
  5.77   0.03
 11.90   0.03
 12.01   0.03
 10.02   0.03
  3.78   0.02
  4.33   0.03
 10.62   0.05
 14.79   0.01
 15.05   0.01
 15.49   0.09
 15.12   0.03
 13.00   0.02
  8.47   0.03
  9.50   0.03
 14.52   0.03
 14.14   0.02
 17.09   0.03
 21.66   0.04
 14.90   0.03
  4.40   0.05
  3.85   0.01
 14.28   0.02
 14.35   0.04
 14.12   0.01
 14.54   0.02
 13.71   0.03
 13.31   0.02
 20.11   0.01
 21.54   0.03
 21.28   0.02
 17.80   0.03
 20.82   0.03
 25.48   0.04
 34.78   0.03
 22.52   0.03
 16.12   0.03
 19.97   0.02
 16.07   0.02
 20.30   0.01
 21.52   0.03
 20.69   0.01
 13.94   0.02
 10.42   0.01
  9.98   0.02
  7.70   0.02
  8.83   0.04
 15.14   0.02
 12.57   0.03
 12.39   0.02
 11.30   0.03
  7.66   0.03
  9.20   0.03
  8.46   0.03
  7.20   0.02
  7.70   0.03
  5.86   0.02
  7.87   0.03
 10.57   0.03
 13.21   0.01
 14.64   0.02
 14.00   0.01
 10.44   0.04
  7.54   0.02
  6.59   0.02
  6.94   0.02
  7.57   0.03
  9.32   0.05
  7.74   0.03
 19.33   0.01
 20.75   0.02
 19.28   0.02
 16.98   0.02
 15.65   0.02
 14.65   0.03
 11.25   0.03
 18.69   0.01
 17.88   0.02
 10.94   0.03
  3.31   0.05
  4.79   0.06
 10.01   0.02
 10.45   0.03
 14.15   0.03
 16.97   0.03
 16.54   0.01
 14.38   0.04
 13.76   0.02
 19.02   0.02
 17.93   0.01
 19.89   0.02
 21.90   0.03
 15.44   0.03
 18.86   0.01
 22.96   0.03
 18.00   0.02
 21.13   0.02
 24.69   0.01
 22.06   0.01
 18.47   0.01
 17.51   0.02
 23.92   0.01
 17.36   0.01
 25.40   0.02
 22.49   0.03
 18.74   0.03
 26.03   0.13
 12.45   0.02
 12.14   0.01
 12.78   0.03
 19.05   0.02
 20.53   0.02
 18.86   0.02
 22.67   0.02
  8.76   0.04
  2.07   0.02
  2.91   0.05
  3.05   0.04
  2.34   0.04
  2.06   0.03
  3.10   0.06
  2.26   0.06
  0.65   0.09
  0.87   0.05
  2.01   0.04
  3.09   0.06
  2.74   0.04
  2.74   0.03
  3.13   0.03
  4.17   0.15
  1.57   0.06
  0.46   0.09
  1.06   0.17
  1.04   0.01
  0.59   0.08
  3.76   0.04
  1.09   0.05
  0.29   0.08
  0.29   0.09
  3.93   0.06
  2.43   0.07
  1.48   0.08
 11.83   0.03
 11.64   0.02
 15.91   0.04
 20.38   0.01
 13.15   0.03
 21.21   0.01
 13.79   0.02
  8.91   0.05
  5.87   0.04
  4.39   0.03
  5.93   0.05
 10.49   0.01
 11.40   0.01
 11.24   0.01
  9.83   0.02
 11.28   0.02
 11.57   0.10
 11.08   0.01
  6.84   0.03
  5.66   0.03
  6.98   0.03
 10.10   0.02
  8.90   0.02
 10.85   0.02
 10.35   0.02
  3.34   0.06
  1.66   0.05
  0.77   0.04
  0.83   0.09
  1.72   0.06
  1.71   0.01
  2.53   0.07
  7.16   0.06
  6.81   0.02
  5.52   0.03
  4.95   0.02
  7.13   0.04
  9.64   0.03
  1.11   0.01
  0.85   0.10
  1.18   0.11
  4.66   0.06
 15.25   0.06
 12.50   0.04
 12.20   0.03
  6.19   0.03
  9.26   0.03
 16.17   0.04
 11.01   0.02
 12.21   0.02
 16.37   0.04
 19.07   0.02
 22.22   0.01
 21.49   0.01
 22.15   0.02
 22.83   0.03
 16.70   0.03
  9.11   0.05
  6.42   0.03
  7.41   0.05
 14.39   0.03
 17.92   0.02
 23.16   0.03
 24.42   0.03
  8.97   0.03
  2.33   0.05
  3.21   0.04
  3.76   0.02
  3.80   0.10
  3.34   0.02
  2.68   0.04
  0.80   0.07
  0.33   0.09
  0.56   0.09
  0.67   0.10
  0.16   0.08
  1.16   0.09
  3.21   0.04
  5.78   0.05
  5.68   0.02
  5.72   0.03
  4.90   0.04
  4.35   0.04
  4.09   0.03
  3.73   0.02
  5.16   0.03
  2.15   0.06
  5.97   0.06
 11.05   0.05
 66.12   0.02
 52.35   0.03
 26.90   0.05
 25.19   0.02
 12.60   0.04
 13.62   0.03
  6.48   0.03
 12.55   0.03
 34.07   0.02
 64.93   0.02
 44.71   0.02
 24.79   0.02
 20.55   0.03
 16.04   0.04
 14.68   0.03
 14.30   0.01
 10.93   0.03
  6.58   0.05
 11.88   0.04
  6.76   0.04
  4.91   0.04
  6.48   0.04
  5.91   0.02
  8.08   0.05
 15.68   0.04
 12.63   0.03
 11.52   0.01
 15.41   0.03
 22.61   0.03
 19.84   0.03
 13.35   0.03
  3.17   0.03
  3.79   0.04
  4.78   0.05
  5.51   0.03
 10.14   0.05
 27.37   0.04
 34.23   0.03
 19.55   0.02
 39.65   0.02
 75.19   0.02
 68.30   0.02
 38.58   0.02
 57.16   0.02
 37.94   0.02
 41.59   0.02
 56.71   0.02
 55.42   0.03
 38.94   0.01
 41.31   0.02
 77.46   0.01
 82.33   0.01
 78.54   0.01
 70.03   0.01
 70.51   0.02
 60.16   0.02
 72.38   0.02
 80.15   0.02
 73.46   0.01
 64.61   0.01
 42.72   0.01
 71.30   0.02
 81.54   0.01
 70.61   0.02
 49.24   0.03
 51.19   0.02
 49.68   0.03
 67.73   0.01
 75.22   0.02
 86.05   0.01
 61.56   0.01
 34.63   0.02
 29.17   0.01
 31.15   0.02
 74.99   0.02
 65.29   0.01
 40.36   0.02
 17.07   0.02
 19.00   0.02
 15.83   0.03
 11.65   0.02
 16.97   0.02
 26.77   0.02
 22.55   0.03
 19.92   0.02
 36.64   0.02
 77.48   0.02
 69.44   0.01
 52.85   0.02
 64.57   0.02
 63.57   0.02
 37.07   0.02
 38.67   0.01
 45.51   0.01
 46.26   0.01
 64.46   0.01
 67.02   0.01
 56.63   0.01
 73.62   0.01
 63.04   0.01
 68.75   0.01
 74.80   0.01
 37.16   0.02
  7.24   0.04
  5.40   0.02
  7.32   0.06
 33.02   0.02
 49.25   0.03
 40.55   0.02
 47.32   0.02
 75.31   0.02
 81.74   0.01
 66.12   0.02
 75.21   0.02
 79.78   0.02
 69.30   0.01
 46.79   0.01
 21.02   0.03
 38.55   0.02
 54.03   0.01
 48.15   0.02
 76.17   0.02
 79.93   0.02
 78.76   0.01
 84.90   0.02
 83.47   0.01
 73.80   0.01
 81.53   0.02
 56.31   0.02
 28.92   0.02
 51.03   0.03
 36.21   0.01
 23.74   0.02
 29.73   0.02
 28.42   0.03
 20.14   0.03
 14.71   0.01
 15.94   0.03
 41.84   0.03
 70.22   0.01
 83.07   0.01
 84.56   0.02
 71.15   0.00
 72.84   0.01
 81.57   0.01
 84.00   0.02
 87.22   0.34
 42.31   0.01
 13.96   0.03
 30.52   0.02
 43.50   0.01
 38.43   0.02
 24.82   0.02
 17.68   0.03
 15.45   0.03
 51.40   0.01
 46.41   0.03
 38.00   0.01
 39.79   0.03
 44.94   0.02
 40.08   0.02
 38.64   0.03
 13.51   0.02
 12.02   0.02
 24.50   0.02
 18.89   0.02
 19.42   0.02
 11.41   0.01
 16.05   0.02
 47.39   0.03
 46.42   0.02
 35.75   0.01
 42.13   0.02
 51.28   0.02
 58.49   0.03
 63.87   0.01
 32.65   0.04
 17.14   0.03
  8.92   0.03
 21.45   0.03
 82.16   0.02
 80.45   0.01
 72.19   0.01
 48.98   0.02
 42.35   0.01
 69.79   0.01
 77.33   0.02
 60.89   0.02
 49.97   0.01
 46.67   0.02
 65.25   0.01
 63.11   0.01
 63.95   0.01
 76.28   0.02
 66.19   0.02
 44.64   0.03
 18.83   0.03
 13.42   0.02
  1.83   0.07
  6.04   0.03
  7.04   0.02
 11.85   0.04
 29.94   0.03
 33.49   0.02
 28.51   0.04
 27.39   0.03
 37.72   0.04
 31.08   0.04
 22.28   0.02
 13.72   0.03
  2.46   0.06
 42.47   0.01
 38.80   0.02
 43.05   0.02
 33.09   0.01
 21.08   0.01
 26.37   0.01
 37.43   0.03
 19.56   0.05
  6.23   0.05
  8.01   0.03
 15.25   0.04
 27.24   0.04
 23.37   0.02
 16.45   0.03
  0.93   0.06
  2.35   0.06
 20.97   0.02
 16.77   0.02
  8.35   0.06
 54.49   0.01
 40.71   0.03
 58.84   0.01
 64.18   0.02
 58.63   0.01
 58.95   0.02
 67.72   0.01
 74.65   0.02
 79.62   0.02
 65.47   0.01
 71.36   0.01
 75.81   0.01
 66.96   0.02
 76.14   0.01
 71.02   0.01
 55.13   0.02
 50.41   0.02
 47.64   0.02
 67.88   0.02
 37.10   0.01
 13.95   0.04
 38.32   0.02
 58.82   0.02
 59.86   0.02
 78.39   0.02
 55.55   0.03
 54.12   0.03
 50.20   0.02
 49.24   0.02
 76.10   0.02
 76.68   0.01
 77.50   0.02
 51.72   0.02
 42.62   0.03
 40.96   0.02
 60.78   0.01
 84.35   0.01
 76.13   0.01
 64.16   0.02
 35.34   0.03
 20.27   0.05
 46.82   0.01
 41.43   0.02
 47.79   0.04
 47.07   0.02
 12.43   0.03
 29.12   0.03
 53.38   0.02
 62.16   0.02
 13.10   0.05
 25.13   0.03
  2.63   0.04
  2.68   0.03
  3.30   0.04
  3.42   0.11
 15.86   0.02
 35.01   0.03
 32.79   0.02
 29.51   0.02
 34.05   0.02
 37.59   0.01
 37.87   0.03
 29.70   0.02
 19.14   0.03
 15.87   0.04
 15.88   0.05
 19.58   0.03
 13.16   0.03
  8.19   0.05
  6.45   0.03
  8.68   0.03
  7.86   0.01
  9.22   0.04
 11.82   0.05
 11.02   0.04
 15.96   0.05
 12.31   0.04
 15.24   0.04
  9.68   0.02
  6.84   0.03
 10.30   0.02
 18.05   0.03
 20.99   0.04
  7.65   0.05
 13.96   0.04
 18.23   0.03
 16.26   0.02
 19.53   0.04
 32.49   0.02
 42.58   0.02
 49.87   0.02
 16.99   0.02
 26.01   0.02
 43.15   0.02
 17.19   0.03
 18.36   0.02
 37.90   0.04
 35.13   0.02
 45.70   0.02
 52.22   0.02
 47.17   0.03
 17.23   0.05
  9.96   0.02
 27.74   0.04
 21.88   0.03
 38.65   0.02
 36.36   0.01
 41.25   0.02
 56.67   0.03
 46.37   0.01
 12.53   0.04
 29.76   0.03
 19.83   0.03
  8.86   0.03
  6.51   0.05
  9.79   0.06
 42.13   0.02
 44.13   0.02
 39.57   0.01
 53.33   0.01
 56.28   0.02
 37.39   0.02
 32.05   0.02
 34.58   0.02
 21.67   0.04
 44.82   0.02
 39.08   0.03
 47.32   0.01
 49.95   0.02
 42.74   0.02
 20.96   0.03
 31.65   0.02
 48.20   0.01
 50.92   0.01
 39.34   0.02
 27.36   0.02
 27.35   0.02
 44.93   0.02
 47.44   0.02
 21.28   0.04
 35.31   0.02
 43.45   0.02
 44.48   0.02
 39.83   0.02
 27.41   0.03
 39.55   0.02
 52.85   0.02
 45.48   0.03
 47.74   0.01
 49.16   0.03
 51.47   0.02
 36.46   0.02
 36.05   0.02
 46.25   0.02
 44.78   0.01
 18.57   0.04
 24.44   0.04
 42.77   0.02
 45.98   0.02
 53.84   0.02
 60.02   0.20
 58.77   0.02
 56.55   0.02
 23.93   0.03
  9.54   0.03
 21.81   0.03
 41.15   0.02
 47.52   0.02
 32.24   0.02
 24.25   0.01
 18.26   0.01
  9.90   0.03
 25.21   0.01
 40.49   0.02
 42.69   0.02
 49.43   0.02
 59.52   0.00
 59.04   0.01
 56.29   0.02
 44.61   0.02
 54.81   0.01
 50.42   0.01
 40.52   0.02
 33.24   0.01
 54.17   0.01
 50.85   0.02
 48.64   0.02
 44.30   0.01
 45.29   0.02
 57.85   0.03
 54.66   0.02
 30.07   0.03
 28.33   0.03
 31.78   0.02
 22.18   0.04
 24.21   0.01
 28.29   0.03
 30.85   0.02
 26.67   0.02
 20.76   0.03
 28.22   0.01
 30.54   0.04
 11.76   0.02
 12.26   0.04
 54.36   0.02
 31.60   0.03
 21.57   0.03
 32.10   0.03
 36.85   0.02
  9.24   0.01
  1.23   0.02
  1.27   0.09
  5.75   0.05
  4.55   0.02
 12.19   0.02
 20.45   0.04
 13.65   0.02
  2.57   0.03
  3.56   0.04
  3.56   0.04
  1.89   0.03
  4.64   0.23
  2.24   0.05
  3.34   0.04
  3.41   0.02
  3.99   0.03
  3.35   0.05
  2.61   0.06
 13.38   0.03
 15.27   0.05
  9.26   0.05
  8.81   0.03
 15.93   0.04
 25.45   0.04
 10.73   0.03
 15.69   0.02
 10.69   0.02
 13.54   0.02
 13.69   0.04
  9.97   0.03
  5.31   0.03
  4.40   0.02
  9.19   0.03
  7.62   0.03
 11.95   0.02
 13.88   0.02
 19.97   0.03
 18.59   0.02
  6.73   0.04
  1.26   0.06
  1.54   0.09
  1.38   0.03
  0.69   0.08
  1.37   0.06
  5.49   0.03
  9.34   0.03
  1.15   0.06
  4.13   0.01
  4.29   0.07
  3.12   0.03
  3.47   0.04
  3.40   0.02
  4.23   0.07
  4.09   0.03
  3.12   0.02
  3.05   0.03
  2.50   0.05
  0.08   0.10
  0.43   0.09
  3.62   0.03
  4.09   0.04
  4.03   0.03
  6.36   0.02
  7.09   0.07
  2.22   0.05
  3.19   0.07
 28.67   0.02
 32.55   0.03
 36.73   0.01
 39.80   0.02
 47.55   0.01
 43.70   0.02
 38.26   0.02
 44.81   0.02
 49.93   0.02
 42.69   0.02
 24.53   0.03
 31.93   0.02
 34.33   0.02
 26.29   0.02
 20.09   0.02
  4.07   0.03
  7.93   0.05
  5.73   0.06
 26.83   0.02
 32.73   0.02
 32.25   0.01
 34.72   0.03
 35.40   0.03
 48.41   0.01
 38.19   0.02
 36.01   0.02
 37.49   0.04
 35.22   0.02
 26.14   0.02
 10.53   0.03
 16.54   0.04
 25.74   0.03
 13.35   0.04
 17.50   0.03
 23.04   0.04
 20.16   0.03
  9.52   0.05
  8.67   0.02
  8.83   0.04
  6.25   0.04
  5.16   0.02
  5.62   0.02
  9.30   0.06
  8.52   0.02
  5.70   0.02
  8.90   0.03
 12.01   0.04
 10.36   0.01
 11.17   0.03
  6.66   0.06
  4.03   0.04
  3.58   0.02
  2.32   0.03
  3.57   0.02
  3.68   0.05
  3.01   0.03
  3.77   0.04
  9.02   0.04
 10.10   0.04
  8.66   0.01
 11.30   0.04
 16.30   0.05
 12.13   0.04
 10.31   0.02
 21.80   0.02
 29.62   0.02
 18.04   0.04
 15.32   0.03
 18.14   0.03
 37.40   0.04
 51.66   0.01
 40.21   0.02
 33.13   0.02
 35.86   0.03
 27.07   0.03
 18.58   0.03
 14.03   0.03
 10.26   0.02
  8.94   0.02
  9.81   0.02
 14.62   0.03
 13.53   0.01
 10.70   0.02
 11.30   0.02
 14.56   0.02
 18.41   0.02
 23.06   0.02
 24.18   0.02
 32.64   0.03
 55.89   0.02
 64.77   0.01
 59.01   0.01
 57.90   0.02
 55.66   0.01
 65.94   0.01
 73.52   0.02
 66.62   0.02
 51.91   0.01
 44.64   0.01
 61.48   0.01
 79.38   0.01
 71.79   0.02
 79.55   0.01
 78.86   0.01
 92.15   0.03
 87.42   0.01
 86.64   0.01
 80.89   0.01
 83.12   0.01
 86.04   0.02
 76.89   0.01
 60.43   0.02
 74.69   0.02
 81.51   0.02
 70.59   0.01
 55.57   0.01
 56.02   0.03
 70.57   0.02
 84.39   0.02
 84.98   0.02
 79.98   0.01
 76.61   0.01
 79.11   0.02
 71.42   0.01
 58.32   0.02
 46.99   0.01
 60.20   0.02
 58.18   0.02
 58.43   0.03
 64.73   0.02
 79.62   0.01
 85.11   0.02
 86.27   0.01
 37.68   0.02
 25.77   0.02
 49.17   0.03
 65.16   0.03
 42.74   0.02
 37.63   0.04
 17.57   0.04
 15.49   0.03
 13.80   0.03
  8.16   0.05
  8.67   0.06
 43.23   0.04
 83.19   0.01
 62.14   0.03
 41.56   0.02
 57.65   0.02
 40.80   0.03
 29.87   0.01
 39.49   0.02
 31.17   0.02
 14.74   0.04
 13.71   0.03
 25.26   0.02
 35.76   0.03
 28.07   0.02
 17.96   0.02
 30.93   0.01
 52.91   0.02
 37.79   0.02
 26.81   0.01
 27.98   0.02
 20.72   0.02
 11.86   0.03
 15.47   0.03
 12.33   0.02
 18.29   0.02
 31.77   0.02
 27.90   0.02
 31.49   0.02
 46.47   0.01
 58.14   0.03
 26.19   0.03
 14.20   0.02
 19.20   0.03
 29.52   0.04
 54.00   0.03
 64.09   0.02
 20.58   0.03
  5.91   0.05
 15.75   0.04
 23.36   0.05
  9.17   0.03
 11.20   0.04
 17.66   0.04
 18.33   0.07
  7.27   0.05
  6.57   0.02
  8.60   0.04
 10.96   0.02
 12.85   0.04
  9.22   0.03
 10.86   0.04
 16.34   0.02
 19.15   0.01
 20.22   0.01
 21.51   0.06
 17.12   0.03
  8.11   0.04
  5.10   0.03
  7.18   0.04
  5.29   0.03
  5.57   0.04
  7.12   0.02
  7.49   0.01
  7.63   0.02
  7.67   0.14
  5.97   0.05
  6.26   0.06
  5.24   0.04
  7.61   0.04
 10.72   0.03
  4.86   0.04
  5.64   0.03
  5.84   0.03
  6.09   0.02
  6.92   0.02
  5.69   0.03
  4.97   0.01
  5.66   0.03
  6.08   0.02
  5.24   0.05
  3.29   0.05
  2.60   0.04
  0.54   0.09
  0.31   0.09
  1.88   0.08
 19.25   0.04
 63.14   0.02
 88.00   0.02
 92.58   0.02
 79.43   0.01
 62.94   0.02
 83.51   0.01
 81.72   0.01
 72.72   0.01
 32.81   0.03
 23.27   0.02
 73.50   0.02
111.61   0.56
 86.57   0.01
 64.98   0.02
 42.21   0.02
 24.77   0.02
 30.99   0.03
 40.22   0.02
 51.09   0.01
 44.69   0.01
 47.41   0.02
 67.22   0.02
 26.59   0.01
 18.58   0.02
 17.24   0.02
 17.37   0.03
 49.20   0.03
 30.36   0.02
 31.18   0.02
 79.34   0.01
 91.73   0.02
 81.95   0.01
 70.48   0.01
 95.86   0.01
 82.85   0.01
103.48   0.01
 91.52   0.01
 99.60   0.01
103.97   0.01
104.16   0.01
 90.07   0.01
 26.75   0.02
 22.29   0.01
 94.06   0.01
 85.03   0.01
 83.72   0.00
 64.76   0.01
 42.69   0.02
 93.62   0.00
 91.00   0.01
100.58   0.01
 93.96   0.01
 39.84   0.02
  9.20   0.03
  6.30   0.02
 18.11   0.03
 81.50   0.02
 81.81   0.01
 52.02   0.02
 24.33   0.02
 12.32   0.03
 25.30   0.01
 71.17   0.02
 67.80   0.02
 71.93   0.01
 31.98   0.03
 12.79   0.02
 40.15   0.02
 95.55   0.02
 98.47   0.02
 91.43   0.01
 79.54   0.01
 50.09   0.01
 39.18   0.01
 31.37   0.01
 26.81   0.01
 64.90   0.01
 87.66   0.01
 78.51   0.01
 63.19   0.02
101.09   0.01
110.39   0.02
101.32   0.01
 84.94   0.01
 64.71   0.01
 31.81   0.01
 86.63   0.01
 94.90   0.01
 99.82   0.01
 91.38   0.01
101.15   0.01
 94.54   0.01
 80.88   0.02
 18.54   0.01
 20.70   0.02
 46.20   0.02
 75.42   0.01
 96.82   0.01
 97.60   0.01
 90.38   0.01
 59.45   0.02
 70.43   0.02
 29.97   0.03
 18.21   0.02
 47.05   0.02
 98.87   0.01
103.63   0.01
 99.09   0.01
 75.55   0.02
 96.59   0.01
 68.63   0.01
 38.14   0.01
 33.49   0.01
 23.41   0.02
 20.34   0.01
 29.78   0.02
 54.26   0.02
 47.84   0.01
 26.09   0.01
 26.03   0.01
 67.36   0.01
 64.50   0.01
 42.99   0.02
 59.27   0.02
 55.11   0.01
 58.39   0.01
 54.26   0.02
 52.18   0.01
 49.01   0.01
 38.11   0.02
 24.77   0.04
 16.35   0.04
 16.07   0.04
 10.53   0.02
 10.98   0.02
 24.89   0.02
 16.54   0.02
  4.12   0.04
 22.51   0.02
 83.68   0.01
 88.41   0.02
 69.34   0.01
 61.76   0.01
 47.71   0.03
 49.86   0.03
 56.84   0.02
 80.68   0.01
 97.49   0.01
100.51   0.01
 95.02   0.01
 99.76   0.01
102.18   0.01
 91.05   0.00
 96.05   0.00
 97.86   0.00
 87.91   0.01
 96.79   0.01
 94.49   0.01
106.46   0.01
 77.68   0.01
 66.84   0.01
 64.14   0.01
 86.50   0.01
 99.27   0.01
 81.31   0.01
 77.79   0.02
 52.98   0.01
 22.38   0.01
 11.65   0.02
  5.58   0.01
  7.66   0.01
 15.11   0.02
 20.52   0.02
 15.90   0.02
  9.75   0.02
  7.99   0.02
 11.20   0.03
 19.88   0.02
 26.60   0.01
 31.48   0.02
 37.21   0.02
 61.54   0.01
 76.43   0.01
 66.93   0.01
 63.68   0.01
 73.27   0.01
 82.81   0.01
 85.38   0.01
 70.59   0.00
 82.75   0.01
 99.55   0.00
100.54   0.01
 86.91   0.01
 65.37   0.02
 57.75   0.02
 66.79   0.00
 95.64   0.01
 88.80   0.01
 94.57   0.01
107.39   0.01
 83.81   0.02
 70.13   0.02
 88.74   0.02
 82.11   0.01
 68.25   0.01
 83.86   0.00
 94.73   0.01
 85.89   0.01
 97.88   0.01
106.86   0.01
110.17   0.01
 95.68   0.01
 92.52   0.01
102.17   0.01
 92.90   0.01
110.88   0.01
105.06   0.02
104.66   0.01
102.97   0.01
 96.34   0.01
109.26   0.01
 99.09   0.00
 58.96   0.01
 31.52   0.01
 34.01   0.02
 59.95   0.01
 66.19   0.02
 44.11   0.01
 55.04   0.01
 85.95   0.01
 99.14   0.01
 92.52   0.01
 90.29   0.00
 63.01   0.01
 32.71   0.01
 12.28   0.04
  8.39   0.03
 14.01   0.01
 13.51   0.02
 18.41   0.03
 40.46   0.03
 80.56   0.01
 92.71   0.02
 83.13   0.01
 61.60   0.01
 49.56   0.01
 57.76   0.01
 70.74   0.01
 81.52   0.01
 80.15   0.01
 61.21   0.01
 74.05   0.01
 84.24   0.01
 74.41   0.01
 78.84   0.00
 89.14   0.01
 82.48   0.00
 61.90   0.01
 60.64   0.01
 71.26   0.01
 89.38   0.01
104.34   0.01
 98.02   0.01
 75.30   0.01
 84.92   0.01
 83.30   0.01
104.37   0.01
 87.12   0.01
 77.99   0.01
 49.53   0.02
 46.89   0.01
 60.35   0.02
 89.24   0.01
 96.56   0.01
 85.57   0.01
 41.56   0.03
 29.99   0.02
 46.90   0.01
 25.85   0.02
 33.82   0.03
 12.05   0.07
  4.94   0.06
 10.24   0.02
  4.29   0.01
 10.41   0.05
  4.85   0.02
  6.37   0.02
 13.54   0.01
 14.07   0.02
 11.73   0.01
  8.18   0.03
 15.05   0.02
 20.43   0.02
 27.33   0.02
 30.31   0.02
 31.89   0.02
 36.82   0.02
 40.23   0.02
 33.84   0.01
 37.36   0.01
 43.80   0.01
 49.45   0.02
 49.24   0.01
 47.94   0.02
 41.71   0.03
 33.94   0.02
 42.87   0.01
 46.96   0.01
 48.89   0.02
 60.26   0.02
 68.35   0.02
 69.65   0.02
 59.36   0.02
 56.91   0.02
 60.77   0.02
 59.81   0.02
 58.37   0.02
 52.84   0.01
 52.51   0.01
 65.13   0.02
 80.77   0.01
 88.89   0.01
 87.56   0.01
 88.86   0.01
 88.90   0.02
 87.94   0.01
 84.41   0.01
 17.43   0.04
  7.27   0.03
 65.09   0.02
 78.57   0.02
 70.23   0.01
 80.04   0.02
 68.37   0.02
 49.92   0.02
 56.15   0.02
 60.39   0.02
 81.96   0.01
 69.50   0.02
 67.25   0.01
 86.92   0.02
 57.33   0.02
 50.02   0.01
 63.97   0.02
 62.36   0.01
 63.13   0.02
 69.77   0.02
 71.17   0.02
 75.20   0.02
 51.04   0.02
 27.33   0.02
 30.69   0.03
 66.00   0.03
 73.72   0.02
 80.03   0.02
 38.26   0.02
 50.01   0.02
 59.92   0.02
 24.15   0.03
 21.90   0.01
 40.09   0.02
 58.58   0.01
 50.26   0.02
 34.70   0.03
 66.13   0.02
 90.01   0.02
 52.80   0.02
 42.19   0.01
 90.70   0.01
 74.35   0.02
 56.77   0.02
 73.33   0.01
 84.53   0.02
 73.86   0.02
 52.00   0.02
 58.19   0.01
 65.69   0.01
 88.18   0.01
 86.32   0.01
 78.76   0.02
 33.29   0.02
 35.91   0.03
 31.12   0.01
 22.35   0.02
 52.30   0.02
 32.80   0.02
 20.78   0.02
 49.76   0.02
 41.36   0.02
 39.60   0.01
 34.43   0.03
 27.93   0.03
 45.70   0.03
 59.51   0.02
 39.54   0.02
 20.28   0.03
 14.76   0.04
 19.78   0.04
 69.99   0.02
 84.96   0.01
 90.83   0.19
 69.06   0.02
 73.46   0.01
 63.09   0.01
 69.44   0.02
 60.19   0.01
 77.41   0.02
 70.97   0.00
 37.85   0.03
 36.34   0.01
 38.63   0.03
 55.84   0.01
 57.20   0.02
 72.36   0.02
 69.19   0.02
 81.03   0.02
 63.94   0.02
 63.59   0.02
 58.16   0.01
 77.30   0.02
 79.73   0.02
 78.85   0.01
 69.47   0.02
 76.27   0.02
 73.86   0.02
 54.82   0.02
 73.69   0.02
 64.42   0.01
 51.45   0.01
 60.62   0.02
 80.25   0.01
 83.51   0.02
 78.83   0.02
 68.01   0.02
 67.87   0.02
 59.34   0.01
 49.81   0.02
 26.50   0.02
  7.50   0.04
  8.61   0.05
 47.02   0.02
 56.46   0.01
 52.98   0.01
 57.12   0.03
 52.90   0.02
 63.06   0.01
 47.86   0.02
 51.45   0.03
 55.94   0.01
 57.66   0.03
 73.75   0.03
 63.15   0.02
 54.40   0.02
 57.82   0.03
 56.23   0.02
 39.55   0.02
 44.98   0.02
 57.28   0.01
 60.25   0.02
 60.79   0.01
 24.48   0.04
  8.12   0.04
 19.74   0.05
 61.35   0.03
 78.11   0.02
 68.07   0.02
 54.06   0.02
 56.49   0.02
 73.23   0.02
 51.89   0.03
 37.92   0.03
 33.95   0.02
 43.94   0.01
 53.94   0.01
 61.65   0.01
 54.91   0.01
 57.62   0.01
 63.61   0.02
 71.45   0.03
 60.62   0.02
 17.30   0.04
  4.38   0.05
  6.28   0.03
  2.69   0.05
  3.27   0.04
 13.61   0.04
 51.38   0.03
 56.60   0.01
 42.91   0.02
 34.89   0.02
 16.54   0.03
  6.84   0.04
  5.34   0.02
  9.31   0.04
 33.02   0.02
 34.87   0.03
 26.08   0.02
  9.87   0.04
  1.90   0.07
  4.81   0.04
  5.39   0.04
  5.10   0.02
  6.24   0.03
  5.41   0.02
  7.09   0.13
  6.37   0.01
  6.87   0.02
  6.95   0.03
  3.65   0.06
  1.33   0.05
  3.09   0.06
  3.19   0.02
  4.41   0.05
  6.23   0.02
  6.08   0.03
  5.81   0.01
  6.63   0.06
  3.70   0.07
  2.25   0.04
  2.16   0.03
  2.35   0.07
  0.99   0.06
  0.15   0.09
  1.60   0.08
 11.98   0.05
  3.90   0.06
  0.21   0.11
  0.14   0.11
  0.30   0.08
  2.73   0.07
  0.99   0.09
  0.63   0.06
  0.54   0.07
  0.85   0.07
  3.42   0.05
  5.19   0.05
  2.09   0.05
  0.74   0.09
  0.76   0.04
  1.15   0.09
  1.93   0.04
  2.07   0.05
  0.39   0.07
  0.64   0.09
  0.93   0.06
  1.11   0.04
  1.51   0.12
  1.31   0.04
  0.14   0.10
  0.81   0.03
  0.90   0.12
  0.84   0.06
  0.87   0.05
  1.18   0.08
  1.63   0.03
  2.04   0.06
  2.59   0.07
  2.13   0.04
  1.86   0.04
  2.75   0.06
  2.31   0.04
  2.96   0.24
  1.30   0.04
  2.03   0.05
  1.67   0.05
  0.98   0.06
  0.95   0.07
  0.31   0.10
  0.31   0.09
  1.70   0.06
  1.10   0.07
  0.45   0.07
  0.48   0.08
  1.49   0.02
  1.60   0.13
  1.26   0.04
  1.45   0.04
  2.13   0.06
  1.68   0.03
  1.62   0.09
  1.27   0.04
  1.54   0.07
  0.81   0.07
  0.69   0.07
  0.66   0.05
  0.40   0.06
  0.41   0.13
  1.08   0.07
  2.77   0.02
  1.08   0.05
  0.25   0.08
  0.62   0.07
  1.05   0.27
  0.86   0.03
  0.44   0.07
  1.65   0.07
  3.22   0.48
  2.77   0.04
  2.31   0.04
  0.67   0.06
  0.91   0.14
  0.49   0.07
  0.38   0.08
  0.02   0.12
  0.44   0.18
  0.43   0.05
  0.03   0.11
  0.69   0.07
  1.95   0.08
  1.76   0.02
  1.84   0.05
  2.40   0.56
  0.82   0.07
  1.03   0.04
  1.28   0.07
  1.44   0.06
  1.57   0.05
  0.46   0.07
  0.18   0.08
  0.04   0.11
  0.02   0.12
  0.28   0.08
  0.37   0.10
  1.92   0.04
  1.94   0.06
  0.72   0.06
  1.36   0.06
  1.87   0.11
  1.49   0.06
  1.35   0.02
  1.28   0.03
  0.43   0.09
  0.60   0.07
  1.06   0.04
  0.91   0.04
  1.43   0.19
  0.17   0.10
  0.00   0.14
  0.09   0.09
  0.28   0.07
  0.49   0.07
  1.19   0.04
  1.33   0.23
  0.93   0.04
  0.08   0.11
  0.02   0.13
  0.00   0.19
  0.31   0.06
  0.31   0.36
 13.88   0.02
 18.24   0.05
 23.70   0.03
 21.84   0.02
 16.06   0.03
  7.54   0.02
 10.26   0.02
 13.26   0.03
  1.37   0.04
  2.34   0.03
  2.48   0.14
  1.98   0.02
  1.05   0.07
  6.54   0.06
 15.62   0.03
  0.37   0.10
  0.25   0.08
  0.65   0.07
  3.26   0.06
  3.91   0.06
  2.29   0.04
  2.32   0.06
  0.24   0.08
  2.74   0.03
  3.66   0.01
  3.72   0.06
  3.61   0.06
 10.87   0.02
  1.01   0.06
 86.99   0.02
 68.26   0.02
 58.95   0.02
 33.11   0.03
 19.34   0.03
 16.87   0.01
 15.18   0.01
 17.85   0.01
  1.31   0.08
  1.04   0.08
 10.96   0.05
  9.82   0.04
  3.47   0.06
  9.97   0.02
  1.39   0.03
  1.71   0.05
 15.92   0.02
 10.55   0.02
 11.78   0.05
  5.98   0.05
  0.56   0.10
  0.71   0.06
  0.42   0.05
  0.46   0.10
  1.19   0.06
  1.34   0.06
  1.87   0.08
  1.39   0.09
  1.19   0.03
  0.42   0.08
  0.91   0.09
  0.81   0.04
  0.68   0.09
  0.61   0.05
